256
353
195
465
126
122
298
6
397
438
242
414
106
483
162
425
183
329
330
32
3
13
70
111
150
407
288
200
158
504
35
207
432
408
379
67
26
138
228
135
440
186
369
48
209
404
188
295
278
64
47
62
410
508
189
246
263
501
482
351
372
201
507
112
340
58
272
95
55
210
9
237
29
156
152
393
453
143
30
157
82
39
164
347
28
214
462
16
398
480
22
148
182
422
281
72
18
471
342
241
179
250
197
233
413
259
331
441
211
19
23
282
304
88
198
87
387
459
311
120
221
119
401
358
247
161
215
244
491
193
473
292
447
137
34
463
8
213
153
180
20
25
125
174
54
238
388
234
38
49
110
123
93
399
337
113
409
335
439
78
297
1
366
306
332
477
341
510
481
235
294
423
115
275
169
59
354
76
446
280
133
416
313
173
171
151
116
159
355
469
497
312
46
249
57
411
132
258
319
21
430
252
56
478
454
415
33
83
511
139
376
316
405
476
421
382
178
254
170
92
68
356
255
444
69
452
176
417
394
142
277
53
236
5
94
240
84
290
310
479
475
323
359
433
31
103
406
317
326
320
109
205
484
352
185
184
374
