256
0
5
6
8
10
11
14
17
21
22
23
24
29
30
32
35
38
40
43
45
48
49
51
53
55
59
60
64
66
67
71
72
75
78
79
82
83
84
86
87
88
92
96
97
98
99
100
103
107
109
114
115
118
125
128
129
132
134
135
136
139
142
143
145
147
148
149
150
151
152
153
154
155
159
160
161
163
164
165
167
169
170
171
172
174
175
177
179
180
184
186
187
189
190
197
200
201
202
203
204
205
206
207
208
209
210
211
213
216
218
219
220
224
227
228
232
237
242
244
245
246
248
250
251
252
253
257
258
259
265
266
267
274
275
276
278
279
280
282
283
285
287
290
291
295
297
300
302
303
307
310
315
319
320
323
324
327
329
331
332
333
334
336
337
338
342
345
348
349
350
351
352
353
356
357
364
365
368
372
373
375
377
378
381
382
383
384
385
386
387
389
391
392
393
395
398
399
400
401
402
405
406
408
409
411
412
415
418
419
422
427
428
429
430
431
437
438
439
441
444
448
449
453
454
457
459
463
464
466
467
468
469
472
473
474
475
481
482
483
484
487
490
491
495
497
498
499
500
502
504
507
508
509
510
511
512
