256
511
509
505
501
500
497
495
494
492
491
489
487
486
484
481
479
478
477
476
475
465
463
462
459
451
449
448
447
443
439
436
429
427
426
425
423
421
420
419
418
415
413
411
410
409
408
407
406
403
402
401
400
399
398
396
395
392
390
389
385
383
382
381
380
379
378
376
374
372
371
370
369
365
364
361
358
357
355
354
352
345
344
343
342
338
336
334
332
331
330
327
326
325
324
323
322
321
320
318
313
310
308
306
305
304
301
294
292
291
289
288
286
285
284
282
280
279
274
270
269
261
258
252
249
246
240
238
236
234
230
226
225
223
222
221
218
217
216
214
213
212
211
208
207
206
205
204
202
201
200
199
195
193
192
191
190
187
186
184
183
182
181
180
179
178
177
176
174
173
172
169
168
164
161
160
159
155
154
151
148
147
146
145
141
140
138
137
136
135
133
131
129
128
126
124
122
120
118
117
116
113
111
104
102
101
100
98
97
96
95
93
87
85
83
79
77
75
72
69
68
66
65
63
62
58
57
55
54
52
44
43
42
41
40
39
37
33
30
29
27
26
24
20
19
18
17
16
14
12
10
7
5
4
3
2
0
