512
397
204
549
937
680
645
257
101
614
54
832
640
714
898
108
948
519
573
748
190
391
1007
724
344
308
174
804
467
378
164
989
572
789
94
837
841
112
194
602
347
445
442
189
994
235
629
96
584
601
621
449
107
343
9
591
514
726
1021
741
759
49
972
351
332
803
166
709
290
88
75
862
785
329
678
637
891
712
965
481
692
1000
922
376
436
226
275
988
453
624
413
958
768
541
272
935
589
6
812
278
407
667
954
72
923
627
298
350
1003
578
338
809
348
198
89
825
259
858
31
401
687
525
776
371
529
905
642
613
757
386
1002
248
69
811
728
77
676
866
663
80
636
875
513
390
463
540
1012
97
967
479
40
181
579
685
294
666
821
417
395
594
70
134
43
277
159
990
939
743
419
289
598
399
86
62
532
746
485
909
756
542
102
137
285
894
457
874
973
98
689
719
547
214
14
797
917
121
452
1023
186
495
341
952
916
266
287
834
786
826
761
160
901
334
740
997
288
111
530
546
245
60
221
447
966
494
295
76
616
801
500
581
396
1019
373
535
780
446
517
184
921
902
657
912
555
847
42
638
788
805
364
814
251
302
473
208
593
361
53
730
109
335
252
1008
153
968
487
769
466
265
729
414
67
451
261
311
792
1016
527
255
179
130
738
122
512
820
688
538
950
938
412
956
339
25
305
236
228
563
12
493
33
669
132
273
10
389
340
375
576
379
819
253
26
1010
455
377
469
370
884
850
568
496
565
867
790
843
605
279
564
325
188
610
271
354
192
304
293
907
405
282
702
679
996
577
465
422
537
673
249
195
388
975
962
244
845
806
38
173
984
807
41
17
897
400
52
402
381
505
177
438
981
634
360
946
39
772
931
868
441
217
403
520
515
139
817
795
22
331
919
362
661
760
721
23
323
670
219
753
623
813
911
631
865
607
982
844
570
73
880
90
15
24
552
509
117
612
93
426
491
489
178
646
314
320
61
337
715
705
475
872
411
942
713
628
829
258
241
151
885
476
129
739
484
887
234
210
172
959
92
974
183
32
315
416
99
846
65
534
908
980
561
528
840
84
113
677
585
683
47
225
471
312
1020
735
1017
978
222
918
349
434
893
859
960
833
588
655
827
672
440
1015
427
686
851
105
548
425
643
651
110
239
268
167
664
930
597
758
346
218
681
611
734
138
915
742
382
