512
2
4
6
10
12
14
15
18
26
27
29
31
32
34
35
36
40
41
48
49
50
52
54
55
58
59
61
63
64
65
67
69
72
73
75
78
82
84
85
86
87
88
90
91
92
94
95
96
97
98
99
103
111
112
113
115
117
121
122
124
126
127
129
134
136
140
142
144
145
147
149
150
152
156
158
160
164
166
167
169
170
172
173
174
175
178
180
182
185
186
187
188
191
193
196
197
202
204
208
210
212
213
215
216
218
219
222
223
233
234
238
244
246
248
249
251
252
257
258
263
264
267
268
271
272
273
274
276
280
281
282
283
284
285
286
287
288
290
292
293
295
296
297
300
301
302
310
311
315
316
317
318
319
320
321
324
326
328
329
331
335
336
337
339
341
343
346
347
349
350
353
356
357
359
361
363
367
368
372
377
378
380
383
385
387
389
390
392
394
395
397
398
399
400
401
402
405
409
410
412
413
414
416
417
418
421
422
424
425
426
429
430
432
433
438
440
441
444
448
450
451
452
454
457
460
461
465
466
467
468
470
471
472
475
477
478
479
480
481
482
483
484
487
488
489
490
492
493
495
497
499
501
503
505
506
507
508
509
512
513
514
515
517
518
519
522
525
526
527
528
529
532
534
535
536
539
540
541
546
547
548
551
559
560
561
567
570
571
574
578
579
581
582
585
587
588
590
591
594
595
596
598
600
601
602
603
604
608
610
611
614
615
618
620
621
623
624
625
626
628
632
633
635
636
638
642
644
646
647
648
650
652
657
658
659
661
662
663
664
665
666
667
668
669
671
672
675
681
682
683
687
690
693
694
695
696
697
698
699
700
701
702
704
706
707
708
710
711
714
716
718
720
726
727
728
730
731
732
733
734
735
739
740
741
742
745
746
747
749
750
752
757
758
759
761
762
765
767
769
770
775
777
780
781
782
787
790
793
794
795
798
799
801
802
807
808
810
812
813
814
816
817
818
819
821
822
823
824
825
828
829
833
836
837
840
842
845
846
848
856
857
863
866
875
877
879
881
882
884
886
894
897
901
904
905
909
912
916
918
919
921
922
923
927
930
932
934
936
937
938
941
942
946
947
948
952
954
957
959
965
966
967
968
971
973
976
978
980
982
983
984
985
986
988
989
993
995
996
997
998
1000
1003
1004
1005
1009
1012
1014
1016
1018
1019
1020
1023
