512
1024
1023
1021
1020
1019
1018
1017
1016
1012
1011
1010
1007
1004
1001
999
996
995
994
991
986
981
977
974
971
970
969
968
967
965
964
963
962
961
959
958
955
954
952
950
949
948
946
945
942
940
939
938
936
934
931
930
926
920
919
917
916
915
914
908
905
903
901
900
899
897
892
886
885
883
881
879
878
877
876
874
870
869
868
866
865
864
861
860
857
854
853
852
850
849
843
842
841
840
838
833
832
831
830
823
820
819
817
816
815
812
810
809
806
803
797
794
793
792
791
788
786
785
783
781
779
778
775
774
772
768
767
766
762
761
760
757
755
754
753
751
750
749
748
747
742
740
739
738
736
735
734
733
732
727
726
725
724
721
720
719
718
717
710
709
708
707
706
705
700
697
696
695
691
689
688
685
683
682
676
673
672
670
669
667
666
665
660
657
656
655
654
651
649
648
645
643
641
639
635
634
628
627
626
623
622
620
619
618
613
612
609
608
605
604
603
602
601
600
599
595
592
591
590
585
584
577
574
573
571
569
567
566
563
560
558
553
552
551
549
545
544
543
542
540
537
536
535
534
533
526
524
523
522
521
517
515
514
513
510
507
506
504
503
501
497
495
493
492
489
486
485
483
482
480
478
476
475
472
471
469
467
466
463
462
461
460
458
457
456
453
452
451
448
446
445
443
437
436
435
434
432
431
426
425
423
421
420
417
416
415
414
413
411
409
406
404
397
395
392
390
386
384
383
382
381
380
378
376
375
374
372
370
369
367
366
356
351
348
346
345
344
341
339
338
337
336
328
327
326
325
321
320
318
317
315
314
313
312
306
305
303
302
300
299
298
297
295
294
290
285
283
281
278
276
274
271
268
267
264
261
260
256
255
254
252
251
247
245
243
242
241
236
232
231
230
229
228
227
223
222
221
220
216
213
212
209
207
205
204
203
202
201
200
198
194
191
190
189
185
184
183
182
181
176
175
174
172
171
167
166
164
162
160
158
155
154
153
151
146
144
143
142
141
139
138
136
135
134
131
129
128
127
126
125
124
123
122
118
115
109
107
106
105
103
102
100
99
98
97
95
94
93
92
91
90
89
88
87
86
85
84
83
82
80
73
72
70
69
67
66
61
59
57
55
53
51
47
46
44
42
38
34
26
25
24
23
22
20
18
17
14
12
10
6
5
4
0
