1024
1832
1811
443
1339
229
1304
1772
1041
427
99
360
479
1838
1102
261
1553
1676
2023
1695
544
1864
946
1409
651
364
179
1706
1047
1009
1129
1268
537
1624
1993
1730
1205
1996
1301
824
348
1175
809
304
653
1803
645
1806
1895
2040
354
1479
417
1393
1223
1211
1192
709
1438
898
1810
404
461
1387
1200
36
1044
1713
1819
227
251
755
220
277
785
1464
1435
1271
1364
761
136
1431
865
584
1968
180
599
226
1967
667
1796
782
326
783
827
871
23
1868
322
91
1588
1582
623
1729
1151
803
1538
493
402
1480
1508
1673
1654
1602
267
509
1742
282
256
100
1282
167
1896
829
303
1798
1086
638
1926
876
800
1012
265
1499
706
818
524
2009
111
153
435
959
1255
1932
624
1206
970
1886
1349
1808
938
1491
48
606
45
765
321
1622
1551
484
2028
1822
1764
1556
134
1690
374
1237
588
1843
839
1859
1054
616
1647
1529
1103
29
275
1106
920
1141
1519
185
1769
245
109
563
1941
1319
1429
272
393
1347
2039
976
356
701
147
5
16
407
302
676
1540
238
912
1891
4
103
559
1826
1152
1775
1839
644
2042
1448
1777
196
124
1386
324
1224
1402
2032
139
1067
999
1087
1095
919
654
129
1496
1294
1162
1985
102
2016
967
127
1203
231
1316
536
538
1731
1722
1984
705
1413
1039
425
1638
828
1411
1934
1714
1388
1570
607
1191
1879
248
1813
1019
285
1963
225
995
13
1038
569
268
296
204
688
1350
146
506
1546
1155
792
1503
529
1685
641
276
1433
1805
1025
1308
859
1807
531
1995
357
766
157
145
1970
1226
1309
1495
1372
1445
2029
726
1189
725
1034
813
1057
391
713
483
699
1117
78
1568
1266
943
1
1994
982
330
423
434
764
2043
469
2037
673
233
1799
1186
535
1906
1337
1522
557
1326
412
745
64
724
490
1108
866
361
1245
520
169
592
1132
1802
1096
519
1858
1371
1468
1265
498
1127
1340
521
286
492
558
1377
1122
2017
481
1739
1193
1833
1358
62
1892
835
2000
1032
1983
870
489
1842
1878
945
291
1400
533
1357
1408
1513
799
639
1080
189
1425
526
1436
1942
1964
1572
1443
1762
12
1971
1663
284
1830
1865
200
2027
1978
1290
1980
1697
280
769
1836
2024
625
1916
1384
826
1383
1302
963
2034
723
909
514
1943
1547
367
432
1125
65
1343
1645
452
1883
1150
1426
1890
665
71
1018
1466
1375
1146
73
897
1677
1256
1975
110
626
154
1389
821
1361
430
1528
249
1790
530
1841
1003
1020
1260
1314
1008
1825
736
1178
1381
1225
215
692
1406
1781
905
133
382
1566
1447
334
218
376
1073
68
1183
152
1215
1904
2006
679
751
30
695
1072
345
1331
1670
1477
1510
511
899
1109
1517
802
1536
1280
1156
1322
403
380
1562
611
756
1002
1295
960
1415
570
1619
17
1598
295
235
1766
1998
708
1820
612
1944
1919
1492
727
1800
1412
1167
941
1097
814
1341
1947
1817
1921
1470
749
1774
495
1792
1770
598
539
1674
1461
1999
1644
1889
1567
984
1231
471
1323
1603
1307
1065
1505
394
426
1077
433
1184
940
779
1981
1348
1404
629
1131
555
718
742
33
283
10
1094
1661
1015
1575
1210
104
1955
581
1374
273
594
1875
1672
381
906
834
177
1501
1130
743
1656
1531
1945
1269
1046
553
572
1982
717
684
546
777
1163
144
1450
1909
869
195
1021
1165
159
587
0
1937
1646
543
473
67
1987
92
1855
1300
158
1757
1917
1986
1048
207
52
851
398
384
1788
1634
472
2038
985
788
358
1320
53
387
1888
1861
213
335
352
1099
1523
318
1760
972
1410
1050
666
698
1693
900
810
1990
996
1748
1354
1058
677
1001
477
1082
833
516
1222
1848
856
878
203
2011
1550
1376
1736
35
1168
950
114
317
601
683
259
690
390
1311
1437
1724
680
933
925
1328
414
1090
1876
1051
1444
51
738
1362
2036
475
1142
796
247
1544
562
1263
1190
1629
597
216
470
297
155
1559
219
1485
1469
1098
578
418
1297
837
1336
1816
1396
681
1910
1957
1952
1366
1236
1120
804
294
1181
853
1091
224
1201
263
1649
1605
798
234
1737
413
682
608
449
117
1648
669
1705
42
603
918
1616
1218
1754
819
1253
1137
19
363
631
1931
1860
98
847
82
1801
1185
1618
604
1856
478
96
253
339
198
565
889
1607
2031
1273
627
518
823
161
1288
855
830
674
975
973
579
528
1569
287
882
1561
254
1548
438
444
1936
462
1299
1421
1940
1922
1327
1434
485
731
1753
1248
2013
237
1194
194
456
1976
1658
811
1390
542
1042
1733
499
957
191
1905
1486
1270
466
2041
560
791
1659
278
1974
1159
341
1440
197
849
1885
1148
663
1392
622
857
1313
350
149
1405
450
932
1793
113
315
1017
1979
217
1626
1912
162
910
1153
1749
1172
369
1457
936
992
1345
211
202
908
379
1611
550
353
239
1584
1121
1837
620
1914
1920
1681
1680
406
1238
1035
636
1518
980
431
748
1252
1498
591
1785
694
931
409
2010
1778
1834
1708
774
891
1608
1028
464
41
270
1643
44
935
446
583
675
1228
415
1171
56
1786
778
1170
401
820
831
512
451
1143
1140
532
300
1014
47
1595
331
844
758
781
1585
1815
86
917
325
890
1524
1272
1549
637
312
1428
642
805
590
460
1642
262
1160
775
635
704
696
1782
1473
1278
1847
1938
1669
328
1414
385
3
503
1606
739
956
1573
1872
1630
880
1877
1758
1596
1005
1240
1866
1274
333
