1024
1
3
4
6
7
8
9
12
13
15
19
21
25
28
29
30
31
32
36
37
39
40
42
45
46
47
48
49
50
51
53
55
57
58
63
64
65
66
67
68
69
71
74
76
77
78
79
81
83
84
87
89
92
93
95
96
100
101
103
106
107
110
111
116
117
120
123
125
128
129
132
133
135
138
139
140
141
143
144
145
147
148
150
151
154
156
157
158
162
163
166
169
171
174
177
178
181
183
184
186
187
189
193
195
198
199
201
207
208
210
213
216
218
221
222
225
227
230
233
236
241
242
243
247
249
251
255
257
258
260
261
262
263
264
265
266
268
269
272
274
275
277
279
281
283
284
286
289
292
293
295
296
298
300
301
303
305
309
312
313
316
319
320
327
329
331
334
337
339
342
344
346
347
349
350
351
358
363
366
367
370
375
376
377
378
379
380
382
383
384
385
386
388
390
391
396
400
403
404
405
407
410
412
413
414
415
416
418
421
426
427
429
430
431
433
434
435
437
442
443
445
446
447
451
456
459
460
461
463
464
465
468
471
472
473
476
477
478
480
481
482
483
484
488
490
492
493
494
495
496
499
500
501
503
506
507
509
510
512
514
518
520
521
522
523
524
525
526
528
530
531
534
535
543
544
545
550
555
556
557
558
563
564
565
570
571
574
576
577
580
585
588
591
597
599
600
602
604
609
610
611
612
613
614
615
618
620
622
624
625
626
627
629
630
631
635
636
637
638
639
640
642
643
644
645
648
650
651
653
654
655
658
659
661
663
664
667
671
672
673
675
676
677
678
680
681
683
686
688
690
691
693
694
698
699
701
703
704
706
707
708
709
711
713
717
719
727
728
729
734
741
742
743
744
747
753
755
757
759
760
762
765
766
768
771
772
773
774
775
777
778
779
783
784
785
786
787
788
791
793
797
799
800
801
803
806
807
808
809
812
813
814
815
816
818
820
821
823
824
825
826
828
829
830
833
835
836
839
840
842
844
845
851
853
854
855
856
857
859
863
864
865
867
868
871
874
876
877
878
879
880
881
883
884
885
888
890
891
893
895
897
898
899
900
905
907
909
912
913
918
920
924
927
929
932
933
934
939
940
942
944
947
950
951
953
956
957
958
959
960
962
964
967
968
970
971
976
977
982
983
984
989
990
992
994
995
997
1001
1002
1004
1007
1008
1010
1012
1014
1017
1020
1021
1022
1023
1026
1028
1029
1030
1031
1032
1035
1037
1040
1041
1045
1046
1048
1049
1051
1052
1053
1055
1057
1059
1060
1061
1065
1066
1068
1070
1072
1074
1075
1077
1078
1079
1084
1086
1088
1092
1095
1096
1099
1102
1105
1106
1107
1110
1113
1118
1120
1122
1131
1134
1135
1137
1139
1141
1142
1145
1150
1152
1154
1156
1157
1159
1160
1161
1166
1168
1171
1175
1176
1178
1179
1180
1183
1184
1189
1192
1195
1197
1198
1199
1200
1201
1202
1204
1210
1212
1214
1215
1217
1222
1224
1225
1226
1229
1230
1232
1237
1238
1240
1246
1247
1250
1251
1260
1264
1265
1268
1271
1276
1278
1282
1284
1286
1287
1289
1290
1291
1297
1300
1301
1302
1304
1305
1306
1310
1315
1316
1319
1320
1327
1328
1329
1331
1333
1334
1335
1342
1343
1344
1346
1347
1348
1352
1353
1362
1368
1370
1372
1379
1381
1382
1384
1386
1389
1390
1391
1392
1395
1397
1398
1400
1404
1405
1406
1410
1411
1412
1415
1416
1419
1421
1422
1429
1431
1432
1433
1435
1437
1438
1439
1441
1442
1443
1445
1449
1450
1452
1453
1454
1457
1460
1463
1466
1473
1474
1475
1477
1479
1482
1485
1486
1487
1491
1494
1495
1498
1500
1502
1503
1504
1505
1506
1508
1511
1512
1514
1515
1516
1517
1519
1520
1522
1523
1527
1529
1531
1532
1533
1535
1536
1538
1539
1545
1547
1548
1550
1552
1557
1559
1561
1565
1566
1568
1569
1570
1571
1573
1574
1576
1577
1579
1581
1583
1585
1587
1588
1591
1596
1597
1599
1600
1601
1602
1603
1604
1605
1607
1610
1611
1614
1615
1616
1617
1619
1620
1623
1625
1626
1630
1632
1634
1635
1637
1638
1639
1640
1641
1642
1643
1647
1648
1649
1651
1652
1653
1654
1656
1657
1660
1661
1662
1663
1664
1668
1670
1671
1673
1675
1681
1682
1684
1687
1689
1690
1695
1696
1698
1699
1704
1706
1708
1709
1710
1711
1712
1713
1715
1717
1718
1720
1722
1724
1727
1728
1731
1733
1734
1735
1736
1738
1741
1748
1751
1754
1756
1759
1762
1763
1765
1766
1771
1772
1773
1776
1778
1780
1782
1783
1784
1785
1786
1787
1788
1789
1790
1795
1798
1799
1800
1801
1802
1803
1804
1805
1806
1807
1808
1811
1812
1815
1816
1818
1820
1821
1823
1824
1827
1829
1830
1831
1833
1835
1836
1842
1843
1847
1848
1849
1851
1852
1853
1855
1857
1858
1859
1861
1862
1866
1867
1869
1870
1871
1872
1873
1878
1880
1884
1886
1888
1891
1892
1894
1896
1897
1900
1901
1902
1903
1904
1905
1906
1907
1908
1910
1911
1913
1915
1917
1919
1921
1928
1933
1934
1936
1937
1940
1941
1942
1943
1945
1947
1952
1954
1958
1962
1963
1964
1966
1967
1969
1970
1973
1974
1976
1977
1978
1979
1981
1985
1987
1991
1992
1994
1997
1999
2000
2001
2003
2004
2005
2006
2009
2013
2014
2017
2019
2021
2022
2024
2025
2027
2028
2029
2030
2031
2035
2039
2040
2041
2042
2043
2045
2046
2047
