1024
2046
2045
2044
2043
2038
2034
2033
2032
2031
2028
2027
2024
2023
2021
2019
2018
2017
2016
2015
2014
2013
2009
2002
2000
1998
1995
1994
1992
1990
1988
1985
1981
1979
1978
1976
1974
1973
1971
1970
1969
1967
1966
1964
1962
1958
1957
1956
1955
1951
1950
1949
1947
1946
1944
1941
1940
1938
1936
1935
1931
1927
1922
1921
1919
1918
1917
1913
1912
1911
1905
1904
1903
1902
1901
1899
1898
1897
1892
1890
1889
1888
1887
1885
1880
1879
1878
1876
1875
1874
1873
1871
1870
1869
1868
1867
1866
1865
1864
1860
1855
1851
1850
1847
1846
1844
1843
1841
1840
1838
1837
1835
1830
1828
1821
1820
1819
1813
1812
1809
1806
1804
1803
1802
1801
1799
1794
1793
1792
1788
1787
1786
1785
1781
1777
1773
1770
1769
1767
1766
1765
1764
1762
1761
1760
1756
1754
1752
1750
1749
1746
1745
1744
1742
1740
1739
1738
1735
1733
1732
1731
1730
1729
1727
1726
1725
1723
1722
1720
1719
1716
1714
1713
1711
1709
1707
1703
1696
1695
1694
1689
1686
1683
1682
1680
1678
1677
1676
1675
1674
1672
1671
1670
1668
1667
1661
1654
1651
1650
1649
1648
1647
1641
1638
1636
1633
1632
1631
1630
1629
1626
1619
1617
1616
1615
1613
1612
1611
1610
1609
1608
1607
1606
1605
1603
1601
1600
1598
1596
1594
1591
1589
1586
1585
1584
1583
1582
1579
1578
1575
1569
1567
1566
1561
1560
1559
1557
1556
1554
1548
1547
1545
1544
1542
1540
1539
1538
1537
1533
1532
1531
1530
1529
1525
1523
1521
1518
1515
1510
1509
1507
1506
1505
1503
1502
1501
1500
1499
1498
1497
1494
1493
1492
1490
1489
1485
1478
1476
1474
1473
1472
1470
1468
1463
1462
1461
1459
1458
1457
1455
1454
1451
1450
1449
1448
1447
1446
1445
1442
1441
1440
1439
1435
1431
1426
1424
1423
1422
1421
1419
1416
1415
1411
1410
1407
1406
1403
1402
1398
1397
1395
1393
1390
1388
1387
1385
1383
1382
1380
1377
1376
1372
1370
1368
1367
1366
1365
1363
1362
1361
1359
1358
1357
1355
1354
1352
1351
1346
1344
1343
1342
1341
1339
1338
1336
1334
1333
1328
1324
1321
1319
1318
1316
1314
1311
1309
1305
1303
1302
1300
1299
1298
1295
1293
1292
1291
1287
1284
1281
1280
1279
1278
1276
1275
1274
1272
1271
1270
1265
1264
1263
1262
1261
1260
1258
1257
1256
1255
1253
1252
1251
1246
1244
1241
1235
1234
1230
1227
1226
1222
1219
1218
1217
1216
1215
1213
1210
1208
1206
1205
1203
1200
1198
1192
1191
1189
1188
1186
1184
1183
1181
1178
1177
1175
1174
1173
1172
1171
1170
1169
1168
1165
1164
1162
1161
1160
1159
1155
1154
1153
1150
1146
1144
1142
1141
1139
1138
1137
1136
1133
1131
1129
1128
1127
1126
1125
1124
1122
1120
1118
1115
1114
1112
1109
1107
1101
1100
1098
1097
1096
1095
1094
1093
1092
1091
1090
1088
1087
1084
1083
1081
1080
1078
1076
1075
1074
1073
1071
1069
1067
1066
1065
1064
1062
1060
1059
1057
1055
1054
1051
1050
1048
1044
1043
1042
1038
1036
1032
1030
1028
1025
1023
1022
1021
1020
1018
1016
1014
1012
1010
1009
1008
1007
1006
1000
998
996
995
993
992
991
989
984
983
982
981
980
979
976
974
971
965
963
962
961
957
956
955
953
952
950
947
943
942
941
939
937
936
935
932
929
928
927
926
925
924
922
921
918
917
915
910
904
903
902
896
893
891
889
886
885
884
881
876
875
873
872
870
868
866
865
864
863
861
858
854
852
851
850
846
845
844
842
839
836
835
834
831
828
824
820
818
808
806
804
803
802
801
797
794
793
792
790
788
787
782
780
779
774
772
768
765
763
762
759
758
757
755
754
752
751
749
745
742
741
739
737
736
734
732
731
730
729
727
726
722
717
712
711
710
708
704
703
699
698
695
693
692
688
686
684
683
682
680
678
676
673
669
666
665
662
661
660
659
658
654
652
648
646
644
640
639
638
637
636
633
629
628
627
624
623
622
621
616
615
613
612
611
609
608
605
604
599
597
596
594
593
592
590
589
588
587
585
584
583
580
579
577
576
575
573
572
571
568
566
564
563
561
560
557
556
552
550
547
545
543
542
541
539
538
533
532
531
530
529
528
523
521
520
519
517
515
512
510
507
502
500
499
491
489
487
486
484
482
481
480
479
478
477
474
472
468
460
459
458
449
447
445
444
442
440
439
438
437
436
434
433
430
429
425
424
422
419
417
415
414
413
410
409
408
406
404
402
401
398
396
390
388
377
372
371
370
369
366
363
362
360
358
357
355
354
351
349
344
341
339
338
335
334
333
332
331
326
324
323
319
316
314
313
312
310
306
305
303
301
300
299
298
295
294
291
289
288
287
286
285
279
276
275
274
273
272
271
270
266
265
264
263
260
259
257
256
255
253
252
249
248
247
246
239
238
237
236
233
230
229
226
225
224
219
218
217
215
214
212
208
206
205
202
201
195
194
193
191
188
186
185
184
180
179
178
177
176
174
173
172
171
170
168
166
165
163
162
161
159
154
153
152
151
149
147
145
144
143
142
140
139
135
133
127
125
124
122
121
120
118
117
116
115
111
108
106
105
101
99
94
93
92
91
90
88
87
86
82
78
69
68
67
66
64
63
60
58
56
55
54
53
52
51
47
44
43
37
35
33
29
28
26
24
21
15
13
9
1
0
