2048
498
2993
601
2287
2427
1159
2549
1498
3226
290
1246
3359
74
2480
1174
1490
1275
465
2086
2144
380
300
985
1783
1075
667
376
2378
65
3163
1881
884
3913
2605
86
2216
1854
99
163
1428
2789
1202
4071
1038
2812
3095
3041
2402
2124
3928
17
781
1153
799
2089
525
2446
2607
144
1562
1861
3803
1253
53
925
1050
235
2770
68
1487
1160
1409
2175
3661
3650
1478
993
111
3532
1122
3417
1179
1794
2542
1390
3331
4000
393
2415
1264
3559
3260
2496
766
1870
379
3804
1125
1294
209
4030
2650
2820
1470
3813
3083
3662
545
390
211
1348
1782
2644
141
1433
452
3419
605
1501
473
3809
1271
3317
719
889
2142
2278
686
317
2325
2473
175
1911
2786
2267
3245
1906
3825
3857
1623
1022
2676
3685
256
1472
2998
1041
2835
2546
2625
2746
660
510
3570
2510
299
91
2442
1847
490
3161
3854
2247
3369
1852
3438
3209
1261
515
4077
2910
1807
384
2558
4013
2749
3539
2837
2202
2579
2550
3621
3014
2541
1473
58
2238
238
3821
1726
3220
2944
3441
2307
2341
2030
1559
3108
330
1293
978
2531
2282
1133
1215
3101
3759
3500
1466
1141
364
1720
3536
2721
3529
1930
4009
1164
3154
3806
1406
3829
3390
1649
2693
2926
3881
3982
1866
4080
734
19
435
3468
2056
3276
1342
680
1016
1211
1873
876
2258
572
1897
1274
3893
961
613
1358
3658
3370
311
3347
1290
434
1813
1758
3085
2858
3337
1482
3120
1338
609
1822
905
2359
3657
3184
2509
677
29
817
3665
1008
3951
2173
2204
825
34
2613
3336
3459
3845
2130
3538
3955
974
3437
373
3566
1602
812
2805
1061
2761
3077
2621
3856
2279
1238
3409
3543
1045
595
3231
324
2336
2997
3328
3049
999
2148
3701
633
1221
3589
3439
711
1474
1867
642
1600
2491
3206
158
2177
221
421
3202
3384
1182
203
2585
1703
3909
3001
1713
939
3174
3971
2933
3624
2011
37
2269
2885
2289
2604
687
3557
3492
374
3939
2277
3664
2953
3755
2266
3515
703
3757
3339
2222
3706
1879
778
2666
3250
874
871
3874
856
2589
901
2562
2029
1850
1910
207
3719
2207
3053
3435
3693
2537
1550
3672
25
2370
3204
639
1522
442
1212
121
1055
3230
2171
3462
2422
2335
2178
1405
986
3074
2101
1748
2369
230
3256
2887
1245
1921
589
3079
1889
2456
2319
411
988
2787
2459
3659
237
875
3607
3060
2136
2007
1323
337
3666
2583
754
1677
903
2675
2499
578
3275
1604
3969
815
1525
2160
1151
3421
1799
1971
718
1288
2864
3234
1708
852
3431
1620
4070
1944
3975
1843
3546
2629
84
3168
3528
3871
1445
3400
2326
2471
4036
160
2051
294
2334
547
4038
3254
1939
707
3349
3949
1377
15
2386
502
2911
3606
1171
387
69
2551
2548
2883
532
728
882
2669
3413
2363
38
3853
1480
1643
869
3635
1768
4016
2752
2100
982
2477
1839
3447
3890
445
2688
1205
742
1000
654
2717
2863
3683
1960
692
3137
2072
477
3677
1613
805
4063
3792
3892
1387
579
2116
4092
1968
1705
3361
1368
990
2077
3992
2798
3309
1471
2017
1502
2291
770
357
794
226
2965
3446
3596
197
3185
2690
2315
1737
3145
1307
2642
463
1059
1697
2118
1532
148
517
614
2396
977
618
1812
612
1548
1597
1462
1327
1515
1652
2008
1896
1148
2095
1804
2913
190
2945
2744
3785
2918
1928
981
0
1656
608
2447
656
1540
575
487
513
724
2501
2948
187
739
2871
1915
1230
26
3099
443
2463
283
1227
2397
954
1157
2104
3290
598
727
714
879
3187
3242
2596
3802
1425
2183
1411
3089
2970
3086
1208
239
2190
67
2005
2299
3676
738
2512
2009
3114
1909
3310
2458
3520
3058
1520
3432
1512
3496
3236
2385
291
3887
1670
3504
2137
1877
4054
2861
57
1841
971
1361
1043
2916
2231
2438
1296
2702
265
2165
2120
1152
1640
352
886
48
3667
834
3165
2350
3189
1216
1322
531
1856
1688
2626
284
1886
683
696
3130
2340
1052
4072
3153
533
242
3686
2853
1967
1491
902
1116
301
3427
1780
617
3052
1693
1291
1356
3568
2880
2388
3576
577
2959
733
743
3907
615
1531
3910
2573
2296
2377
1744
3028
3746
2713
835
3586
640
2026
2848
1988
1190
3372
2167
404
1350
128
832
1757
3106
3820
2678
2728
1053
3324
2606
2210
1974
1314
2901
3572
3281
3268
2306
1506
1749
4001
1876
2662
900
3679
1028
2122
2483
1379
2576
3958
3032
1382
3036
1248
2343
3296
3239
2633
1827
4022
2288
762
469
1393
1056
182
4031
4008
3490
2312
1729
3972
1940
1964
3166
1702
1416
102
2716
1154
2830
2707
1066
586
1357
3879
1900
1278
2000
2525
1033
1589
2932
2813
1952
5
3729
3258
1763
306
2941
2796
3394
46
161
3460
1774
3818
2905
172
3625
3925
134
3642
3292
851
1651
3550
3344
2079
3534
1838
1785
3942
2972
3271
659
3326
35
3264
2420
1391
1633
206
1635
1098
3214
1685
2595
763
472
1392
3544
1106
3304
2243
3562
2588
3978
2271
3335
59
2364
2751
1308
3122
3062
582
2413
423
526
771
3647
3298
88
1731
3712
987
2712
2966
1320
3175
1740
489
1820
2784
3294
1661
358
3426
3322
118
3652
3069
1155
2983
1778
418
518
458
494
2375
1745
3811
552
504
28
3396
1284
2725
1196
3338
1792
1049
3768
1513
2041
2476
2162
453
790
946
1244
440
950
3418
3494
2224
321
2507
1878
3852
972
1803
3030
2426
2608
1961
2255
2188
2272
2568
2865
372
3279
3297
395
698
917
2085
3613
2773
646
3999
670
229
948
855
1733
426
3696
1265
2237
838
2065
3171
1404
649
4075
3291
1429
3891
520
1039
2680
689
2603
3633
3180
3498
336
2329
1894
2961
1381
697
3916
1699
2444
1158
2904
2557
3118
1616
2263
82
1517
1422
2194
103
3042
3837
2732
2555
1500
2235
2756
3123
1135
918
47
3812
2897
1530
984
177
3648
3078
1067
2996
3453
2140
1254
3006
4065
2373
3617
820
3801
2209
768
181
2956
1104
952
3838
1484
2869
784
2570
3649
1605
1305
2532
2147
3411
427
1117
1210
36
716
4025
2087
2766
1583
2400
1956
3639
2199
2718
2032
438
2520
2468
752
1706
1270
3217
1784
1722
159
1057
576
3134
1934
66
3080
2600
2010
1747
3629
3352
1272
312
2436
1343
3300
2917
3761
4074
783
1541
3930
2228
872
3965
2107
314
2196
3782
101
2741
1223
45
3990
381
1403
1173
1997
1518
1187
481
2657
1109
565
1698
3800
1234
2971
3540
3022
2416
3273
1533
3945
1645
2320
414
14
3232
13
3944
1084
323
2392
2242
3162
2486
2793
3654
3789
496
3560
3000
2854
2763
2729
2261
1872
910
3195
3859
2214
826
2330
1220
462
4004
3772
3463
3745
1593
858
2366
3305
2409
1628
1083
1567
1326
2356
553
592
921
3914
2073
796
2395
2283
3449
1097
772
2062
2316
1494
1088
2703
2500
171
2740
2060
2950
2004
2727
2484
2018
2023
2181
4057
723
3598
844
3689
461
332
1092
3725
2640
2818
3948
3330
1203
527
2745
1880
3088
2481
2519
4042
3769
363
3301
847
1868
3179
409
1511
1527
650
3510
2938
2381
492
3346
2816
417
2054
1332
2331
1942
3501
2443
1249
3741
2455
2760
3109
709
2352
944
1457
2955
3870
1440
476
3072
725
2201
2292
702
3255
127
1489
1078
3366
1139
3314
548
1410
3219
3646
2643
3774
926
4010
1521
4061
523
3379
272
1765
567
2407
3302
1374
2156
2036
1198
596
741
963
2929
2037
3583
205
2722
1617
3405
801
2403
632
3669
132
3938
3638
3223
3512
3064
3778
2672
757
3316
1378
2622
2067
2324
3527
3875
2516
1739
2699
1096
647
1684
2782
2811
2251
842
806
809
3237
1738
1638
241
2655
1295
2248
95
3146
2406
638
233
1701
1197
2665
3266
1977
816
1101
1534
3213
42
3656
2927
931
530
1951
315
2586
1543
4089
2314
2810
2143
22
2134
975
2800
1107
1145
3164
1156
1673
2419
3008
3885
3753
1576
2602
2726
145
125
2408
1830
1658
1983
1345
2906
569
2984
1178
1608
3724
3133
2050
691
243
3002
2776
3303
3989
829
2654
3936
2656
2445
648
416
2825
2931
3272
3380
2270
448
2566
3043
2083
4086
64
3883
479
2794
1375
49
2695
4002
2708
3931
1954
529
2855
3182
2355
3794
3038
549
1467
1389
108
1632
254
1884
1029
9
1893
3356
3489
2814
3737
964
4021
1402
3726
167
267
3200
2043
685
536
1965
3451
3574
3117
1414
2454
590
3152
79
402
72
885
138
1869
2449
3488
2780
1544
3012
2881
275
546
2066
20
1017
484
1891
274
3178
2264
1493
3934
814
2616
471
220
597
3688
657
3367
130
2301
3139
2404
3903
2236
1213
1704
3921
3319
761
1735
1818
1662
1714
2635
3351
853
3381
736
862
407
1
2049
2174
3454
1495
863
3009
2571
2497
3176
1089
1420
3090
2489
600
777
3471
2582
1235
1626
1072
258
2943
2734
748
2978
695
2630
3710
2828
1035
1674
833
2847
3920
3210
2368
3203
240
3247
3684
3790
129
1372
3307
867
3747
3692
270
3779
1561
881
769
3937
2867
378
1460
3600
2022
155
3695
1449
2219
1026
2857
3434
3093
3183
803
2424
2631
1313
3773
2759
3056
2191
2547
2472
3571
2354
212
1009
157
3207
1285
1514
2253
779
61
4020
2371
3495
1129
2070
2940
3602
3963
3681
1364
1115
1079
1648
3516
651
3585
3284
587
3889
1242
676
3631
2522
403
3569
594
1553
3444
2533
968
2081
367
861
3591
1080
3378
39
2490
746
606
2016
804
2962
915
744
1073
1976
1102
3374
1654
1610
2383
786
684
2351
3698
2285
1858
2723
1725
1286
2822
1395
1423
3039
3340
1907
3896
1833
2197
888
792
2935
2252
3702
2534
189
3545
2866
3244
3756
1172
3243
1711
169
2815
2410
3567
3904
308
1060
2275
2498
669
956
4012
2641
2223
499
338
3588
3343
2035
2801
643
3235
2738
113
1755
1037
2999
543
2821
3565
3240
2112
52
1671
3518
726
3765
2153
1890
2739
3863
1912
2991
837
2166
607
1769
1786
1631
4067
2189
2809
3385
1537
3092
3968
1575
115
1859
2389
2159
1247
1634
2006
2772
2914
482
3026
969
335
1222
3327
1949
1636
3808
1010
3015
3111
3197
675
1091
143
2980
3318
2949
4084
1927
3485
2001
340
668
1570
176
782
3422
514
1120
170
849
1352
4046
2411
3249
464
3793
544
51
2393
223
1337
3608
3780
1947
1047
474
3733
2311
2919
133
1619
3181
1580
349
3674
1266
3131
71
1945
759
1430
1943
2117
1775
3132
468
1751
2896
1903
1718
63
2890
865
302
2860
2262
2132
3587
3354
1829
3148
1978
3697
3711
153
24
1441
2234
1469
1986
2831
3643
90
3616
4007
2689
1982
3430
1398
3194
4014
1985
1086
1999
1303
773
2511
2771
3138
866
3947
3601
3622
1408
3159
1819
2846
831
2638
3149
1240
3905
3342
521
2274
2682
54
1846
2648
1676
3221
923
3668
2700
116
873
1556
3610
216
450
2934
942
1464
3781
708
2435
252
807
1902
3150
2019
1200
1147
446
951
1689
4045
3323
277
1136
2440
3618
142
4039
2870
2150
2951
278
611
2229
3582
3924
3959
2293
3483
16
890
896
264
2256
1015
2679
880
3985
2659
2014
1437
307
310
80
1204
4062
3481
1801
3465
3771
1268
877
3059
1995
2778
3397
846
892
245
1099
720
3981
1301
3096
540
3908
3922
3141
1586
247
908
1002
3548
2421
1199
937
3655
1834
2719
3750
2850
3045
3128
1727
1508
432
1837
2827
3253
1219
1863
1595
1292
1426
225
316
1239
3313
2581
3805
713
3448
2399
4094
2088
30
3466
1914
3749
3619
