2048
0
2
5
6
7
8
10
11
12
13
14
15
16
23
25
29
30
31
34
35
37
41
42
43
44
45
50
51
52
59
62
63
65
66
67
69
70
71
73
75
76
78
79
80
81
83
84
85
86
88
90
93
94
95
98
99
100
103
104
105
106
107
108
109
110
112
114
117
118
120
123
124
125
127
128
132
134
138
139
141
142
143
145
150
151
153
155
156
160
161
163
164
165
166
167
168
169
170
171
172
174
176
177
178
179
181
183
185
187
189
190
193
194
195
198
200
203
204
206
207
210
211
212
213
215
216
217
218
219
220
221
222
223
224
226
229
230
231
232
233
235
237
238
241
242
244
245
247
250
251
253
256
258
260
261
266
267
269
270
271
273
274
275
277
278
280
282
283
286
289
292
294
295
297
300
303
304
310
311
312
313
314
317
319
320
324
327
329
330
339
340
341
343
344
347
348
349
351
354
355
358
362
364
366
367
369
370
372
373
375
376
377
379
381
383
387
389
392
394
395
397
400
401
402
403
405
406
407
410
411
417
419
420
422
423
424
425
427
429
432
433
435
440
441
443
445
446
448
452
455
458
459
460
464
469
470
471
472
475
478
481
483
486
491
495
497
500
501
503
507
509
511
512
517
519
520
523
525
526
527
530
531
532
535
536
537
539
542
543
545
546
547
549
552
553
554
555
559
561
562
564
568
569
570
572
573
576
577
578
580
581
583
584
589
590
592
598
599
601
602
603
604
605
606
607
608
610
612
613
616
618
619
622
624
625
632
633
637
638
639
645
647
649
650
651
653
654
656
658
660
665
666
667
668
672
674
675
677
678
679
681
682
685
693
695
698
700
701
703
704
705
706
709
710
711
714
717
718
723
725
726
727
728
731
732
741
744
750
751
752
756
759
761
762
765
771
772
773
774
781
784
785
786
790
792
794
797
806
807
808
809
810
814
815
818
820
821
823
824
825
827
828
832
834
835
838
839
841
846
847
848
850
853
854
855
856
858
859
860
865
867
870
872
873
874
878
879
882
883
885
886
887
888
889
890
893
894
895
898
899
901
903
906
907
908
909
910
912
913
915
916
919
924
925
928
931
933
935
936
938
940
941
944
946
947
948
949
950
951
953
954
955
956
957
965
968
969
970
971
974
976
978
980
981
982
983
984
986
987
989
994
995
997
998
999
1000
1002
1005
1006
1009
1012
1013
1014
1016
1018
1019
1020
1022
1023
1025
1026
1027
1028
1029
1031
1035
1037
1039
1042
1045
1046
1048
1050
1051
1054
1056
1063
1065
1067
1068
1069
1070
1071
1072
1073
1074
1078
1079
1081
1082
1084
1085
1088
1089
1090
1092
1093
1094
1095
1098
1100
1103
1105
1106
1107
1108
1110
1111
1114
1117
1119
1120
1122
1123
1124
1125
1127
1128
1129
1130
1131
1132
1134
1136
1139
1142
1143
1144
1145
1148
1149
1150
1152
1153
1155
1156
1158
1159
1160
1164
1168
1170
1171
1174
1176
1177
1178
1179
1180
1183
1184
1186
1187
1189
1190
1191
1194
1195
1196
1197
1198
1201
1202
1204
1205
1206
1208
1209
1210
1212
1213
1214
1219
1222
1224
1225
1226
1227
1230
1231
1234
1236
1238
1239
1242
1244
1248
1249
1250
1251
1254
1258
1260
1262
1265
1266
1267
1268
1272
1273
1275
1276
1277
1285
1286
1287
1288
1290
1296
1297
1298
1301
1302
1304
1307
1308
1311
1312
1314
1317
1320
1321
1322
1323
1325
1328
1330
1333
1334
1337
1339
1341
1342
1344
1345
1347
1349
1356
1357
1364
1365
1371
1375
1377
1378
1381
1382
1383
1387
1388
1392
1394
1396
1397
1400
1402
1403
1405
1407
1410
1413
1415
1419
1421
1422
1424
1425
1428
1429
1430
1433
1434
1435
1437
1438
1439
1441
1445
1446
1449
1450
1452
1454
1456
1457
1460
1461
1462
1463
1464
1465
1468
1471
1480
1485
1487
1492
1493
1494
1495
1496
1497
1498
1503
1506
1507
1509
1510
1511
1515
1518
1520
1522
1525
1526
1527
1536
1537
1539
1542
1546
1553
1554
1556
1558
1559
1561
1562
1565
1566
1568
1570
1571
1572
1574
1577
1579
1580
1581
1583
1584
1585
1586
1587
1588
1589
1593
1595
1596
1597
1599
1600
1601
1608
1609
1610
1614
1615
1616
1617
1620
1622
1625
1627
1628
1629
1630
1631
1634
1635
1636
1640
1650
1652
1653
1655
1656
1659
1662
1664
1665
1669
1670
1671
1672
1673
1674
1677
1678
1680
1681
1683
1690
1695
1697
1698
1699
1700
1701
1702
1703
1704
1707
1709
1714
1715
1716
1717
1718
1719
1720
1721
1722
1726
1730
1731
1736
1737
1738
1740
1744
1748
1749
1750
1754
1755
1756
1760
1762
1763
1764
1765
1766
1768
1770
1773
1774
1775
1776
1778
1779
1780
1783
1787
1790
1791
1796
1797
1803
1804
1812
1816
1817
1818
1822
1823
1824
1825
1831
1832
1834
1835
1836
1839
1840
1841
1844
1847
1851
1852
1853
1858
1860
1861
1862
1863
1864
1865
1866
1868
1871
1876
1878
1882
1884
1885
1887
1888
1889
1890
1891
1893
1894
1895
1897
1898
1902
1903
1904
1905
1907
1909
1911
1912
1913
1916
1918
1922
1923
1925
1927
1928
1929
1930
1931
1932
1935
1938
1941
1942
1945
1947
1949
1955
1956
1957
1958
1959
1966
1969
1972
1973
1975
1980
1981
1984
1986
1987
1993
1995
1999
2000
2001
2006
2009
2012
2014
2015
2016
2021
2024
2025
2026
2027
2028
2030
2031
2032
2033
2034
2035
2036
2039
2040
2041
2044
2046
2047
2049
2050
2053
2054
2056
2061
2064
2065
2066
2068
2069
2071
2073
2076
2078
2079
2080
2083
2086
2087
2088
2089
2091
2092
2093
2095
2096
2103
2105
2106
2107
2110
2112
2113
2114
2119
2120
2124
2126
2129
2130
2132
2134
2136
2137
2140
2141
2147
2148
2149
2151
2156
2157
2160
2161
2162
2163
2164
2168
2171
2173
2175
2176
2177
2179
2180
2182
2183
2184
2185
2186
2188
2189
2190
2194
2195
2197
2198
2199
2200
2201
2203
2204
2205
2208
2209
2210
2211
2213
2214
2215
2216
2217
2218
2220
2222
2226
2234
2236
2237
2243
2245
2247
2252
2253
2255
2258
2259
2261
2262
2263
2266
2267
2271
2272
2278
2279
2280
2282
2283
2284
2285
2286
2290
2297
2299
2300
2302
2303
2304
2311
2312
2316
2320
2326
2327
2329
2330
2332
2336
2340
2341
2342
2343
2345
2346
2349
2350
2351
2354
2355
2356
2359
2362
2364
2365
2366
2367
2370
2371
2373
2379
2380
2387
2389
2392
2393
2397
2401
2402
2405
2410
2412
2413
2416
2417
2418
2419
2420
2421
2422
2424
2425
2426
2427
2430
2431
2432
2433
2436
2437
2438
2444
2446
2449
2450
2451
2452
2453
2454
2455
2458
2461
2463
2471
2474
2475
2476
2477
2478
2479
2480
2482
2483
2484
2485
2487
2488
2489
2501
2502
2503
2505
2506
2509
2510
2511
2514
2515
2518
2519
2520
2522
2523
2524
2528
2532
2533
2534
2535
2537
2538
2540
2542
2546
2547
2549
2553
2555
2556
2557
2558
2561
2562
2564
2566
2568
2569
2570
2573
2574
2577
2578
2581
2582
2583
2585
2589
2591
2592
2594
2598
2599
2600
2603
2604
2605
2606
2608
2609
2610
2614
2615
2616
2620
2623
2624
2626
2628
2629
2630
2635
2636
2639
2643
2651
2652
2653
2655
2656
2657
2658
2659
2661
2663
2665
2666
2667
2670
2671
2673
2675
2676
2682
2683
2684
2688
2691
2693
2694
2695
2696
2697
2699
2700
2701
2702
2703
2706
2708
2709
2710
2713
2715
2716
2718
2720
2721
2722
2726
2730
2733
2734
2735
2738
2741
2742
2744
2745
2747
2749
2752
2753
2754
2756
2758
2759
2760
2761
2762
2765
2771
2777
2780
2784
2785
2786
2787
2788
2789
2792
2793
2795
2798
2799
2803
2804
2809
2811
2813
2814
2815
2821
2823
2826
2828
2830
2831
2832
2833
2836
2837
2838
2840
2841
2842
2844
2846
2849
2850
2857
2858
2859
2861
2862
2864
2865
2867
2869
2870
2871
2872
2873
2875
2878
2882
2886
2888
2895
2896
2898
2899
2901
2903
2906
2908
2910
2911
2915
2920
2921
2922
2924
2925
2926
2930
2933
2934
2935
2938
2939
2941
2942
2944
2945
2947
2949
2953
2956
2958
2959
2960
2964
2965
2966
2968
2969
2971
2974
2976
2980
2981
2984
2990
2992
2994
3001
3002
3003
3009
3010
3011
3017
3020
3021
3022
3023
3024
3025
3028
3029
3032
3034
3036
3038
3042
3043
3050
3053
3054
3058
3059
3060
3061
3062
3063
3064
3065
3066
3068
3069
3070
3071
3072
3074
3076
3077
3082
3084
3085
3086
3088
3089
3090
3091
3092
3093
3096
3097
3098
3099
3101
3105
3106
3107
3108
3110
3111
3112
3114
3115
3116
3124
3126
3127
3128
3129
3130
3131
3132
3133
3134
3135
3141
3142
3143
3144
3145
3147
3148
3150
3151
3152
3154
3156
3157
3158
3161
3162
3163
3165
3166
3167
3170
3171
3174
3179
3183
3187
3193
3194
3196
3198
3201
3202
3203
3204
3206
3207
3208
3209
3210
3214
3216
3217
3218
3220
3222
3223
3224
3228
3229
3230
3231
3235
3240
3244
3245
3246
3251
3252
3253
3255
3256
3257
3258
3259
3260
3263
3268
3270
3271
3275
3276
3281
3285
3295
3300
3301
3302
3304
3305
3307
3312
3316
3319
3321
3324
3325
3328
3330
3331
3333
3335
3336
3337
3339
3340
3343
3344
3345
3346
3347
3348
3351
3354
3357
3359
3361
3362
3365
3369
3370
3371
3374
3375
3377
3379
3380
3381
3383
3384
3386
3390
3393
3396
3398
3399
3400
3401
3402
3403
3404
3405
3407
3408
3410
3411
3414
3416
3418
3423
3425
3426
3429
3430
3431
3442
3443
3447
3449
3450
3453
3454
3458
3460
3469
3474
3475
3479
3480
3481
3482
3485
3489
3490
3491
3492
3493
3495
3498
3500
3505
3506
3507
3509
3510
3513
3514
3515
3516
3517
3521
3523
3524
3525
3526
3527
3530
3531
3532
3534
3535
3536
3537
3539
3541
3542
3543
3545
3547
3548
3549
3551
3552
3553
3556
3558
3559
3561
3563
3570
3571
3572
3578
3581
3583
3584
3585
3587
3590
3591
3592
3594
3595
3597
3600
3602
3603
3604
3606
3607
3608
3610
3611
3614
3618
3621
3623
3625
3627
3630
3635
3636
3638
3645
3647
3648
3649
3651
3653
3654
3657
3660
3661
3663
3666
3667
3672
3673
3675
3676
3677
3678
3679
3680
3681
3683
3684
3686
3687
3689
3690
3692
3699
3700
3703
3705
3706
3708
3710
3711
3714
3715
3717
3718
3719
3720
3723
3730
3731
3733
3737
3739
3747
3750
3751
3753
3755
3756
3758
3760
3762
3763
3765
3766
3768
3770
3772
3773
3776
3780
3785
3786
3787
3788
3789
3790
3793
3794
3798
3799
3800
3801
3803
3807
3809
3812
3814
3815
3817
3823
3824
3826
3828
3830
3831
3833
3834
3839
3840
3841
3844
3845
3848
3849
3853
3855
3857
3858
3861
3862
3863
3864
3866
3867
3868
3869
3873
3874
3880
3881
3884
3885
3886
3887
3888
3890
3891
3892
3894
3897
3898
3899
3901
3902
3903
3904
3912
3914
3915
3916
3918
3919
3924
3929
3930
3932
3933
3936
3938
3942
3943
3944
3945
3946
3947
3949
3950
3951
3954
3958
3959
3967
3968
3969
3972
3976
3979
3982
3983
3986
3987
3990
3991
3992
3993
3994
3995
3998
3999
4003
4004
4006
4007
4011
4012
4013
4015
4016
4018
4021
4023
4025
4026
4027
4029
4031
4032
4033
4034
4035
4037
4038
4041
4042
4045
4046
4047
4048
4050
4051
4054
4055
4056
4064
4065
4066
4067
4068
4074
4080
4081
4083
4086
4088
4089
4091
4092
4093
