2048
4096
4095
4094
4093
4091
4088
4087
4086
4082
4080
4079
4076
4070
4068
4066
4064
4063
4060
4056
4054
4053
4052
4051
4048
4047
4045
4043
4042
4041
4040
4039
4038
4037
4036
4035
4029
4028
4017
4015
4013
4011
4010
4005
4004
4002
3999
3998
3995
3994
3993
3989
3980
3977
3976
3974
3973
3971
3969
3968
3964
3962
3961
3959
3958
3957
3955
3954
3953
3952
3950
3948
3947
3944
3943
3942
3941
3939
3938
3934
3933
3931
3930
3926
3925
3924
3920
3918
3917
3916
3915
3913
3907
3905
3904
3902
3901
3900
3899
3898
3895
3892
3889
3888
3884
3883
3881
3880
3879
3874
3871
3869
3865
3861
3860
3859
3857
3853
3851
3849
3847
3844
3843
3842
3841
3839
3835
3834
3831
3830
3828
3825
3824
3823
3822
3814
3813
3812
3811
3809
3808
3805
3804
3801
3800
3798
3797
3796
3795
3793
3790
3789
3787
3786
3781
3779
3778
3777
3775
3771
3770
3768
3767
3766
3764
3762
3760
3759
3758
3757
3756
3753
3750
3749
3746
3745
3742
3741
3740
3739
3738
3737
3736
3735
3734
3733
3732
3728
3726
3725
3724
3720
3719
3718
3716
3715
3714
3710
3708
3707
3706
3705
3704
3700
3699
3698
3696
3695
3693
3692
3691
3690
3687
3685
3684
3683
3681
3680
3679
3676
3673
3670
3669
3665
3664
3660
3659
3651
3650
3649
3648
3646
3645
3643
3638
3636
3633
3632
3625
3624
3622
3618
3616
3614
3613
3612
3609
3602
3601
3594
3593
3591
3590
3589
3587
3583
3579
3578
3577
3574
3572
3571
3570
3567
3565
3564
3563
3562
3561
3560
3555
3553
3550
3548
3547
3546
3544
3543
3542
3537
3536
3535
3534
3530
3529
3528
3526
3525
3520
3517
3512
3511
3506
3505
3504
3501
3500
3498
3497
3496
3494
3490
3489
3488
3487
3484
3483
3482
3481
3480
3479
3477
3476
3474
3473
3472
3471
3468
3467
3465
3462
3459
3458
3457
3456
3449
3448
3444
3443
3441
3433
3432
3431
3430
3424
3420
3419
3418
3416
3415
3414
3413
3411
3403
3402
3399
3397
3396
3394
3393
3392
3390
3387
3386
3385
3383
3382
3378
3376
3375
3374
3369
3368
3363
3361
3360
3359
3357
3356
3355
3353
3352
3347
3345
3340
3339
3337
3334
3331
3326
3323
3321
3319
3318
3317
3316
3308
3307
3306
3304
3302
3301
3296
3293
3287
3286
3285
3284
3283
3281
3279
3278
3277
3276
3275
3274
3273
3271
3269
3268
3263
3262
3259
3258
3257
3256
3250
3249
3248
3245
3243
3240
3238
3236
3234
3232
3231
3230
3229
3228
3226
3225
3223
3220
3213
3210
3209
3208
3202
3201
3199
3198
3196
3194
3193
3191
3187
3185
3184
3183
3179
3177
3173
3169
3168
3167
3165
3163
3162
3161
3156
3154
3152
3150
3149
3146
3142
3141
3140
3139
3138
3136
3134
3133
3130
3129
3125
3122
3120
3118
3117
3116
3114
3112
3108
3104
3103
3102
3100
3097
3096
3095
3094
3088
3085
3084
3083
3082
3080
3079
3077
3076
3075
3073
3070
3069
3065
3062
3061
3060
3059
3058
3057
3049
3044
3043
3042
3040
3037
3035
3032
3029
3027
3025
3023
3016
3015
3014
3012
3011
3009
3008
3007
3005
3004
3003
3000
2999
2997
2996
2994
2993
2988
2985
2984
2983
2980
2979
2977
2975
2972
2971
2969
2968
2966
2965
2964
2961
2960
2958
2957
2956
2955
2952
2951
2945
2943
2941
2940
2939
2936
2935
2934
2929
2928
2927
2924
2917
2915
2914
2913
2910
2909
2908
2907
2906
2905
2903
2901
2900
2899
2897
2896
2895
2892
2890
2888
2886
2885
2883
2879
2877
2875
2872
2870
2867
2862
2860
2859
2857
2854
2853
2852
2849
2848
2846
2843
2840
2836
2835
2833
2832
2831
2829
2823
2821
2820
2819
2818
2816
2815
2813
2812
2811
2809
2807
2806
2805
2803
2802
2800
2799
2797
2795
2794
2792
2791
2788
2787
2785
2782
2780
2778
2776
2775
2774
2772
2770
2768
2766
2764
2762
2761
2756
2755
2754
2752
2749
2748
2746
2745
2743
2741
2740
2739
2737
2735
2734
2732
2730
2729
2728
2727
2724
2723
2721
2720
2718
2716
2715
2713
2711
2706
2705
2704
2698
2697
2695
2690
2688
2686
2680
2677
2675
2673
2672
2671
2667
2666
2665
2661
2659
2658
2654
2652
2649
2648
2645
2644
2643
2642
2640
2634
2633
2632
2631
2629
2628
2627
2625
2624
2622
2621
2620
2617
2616
2614
2610
2608
2604
2600
2598
2595
2594
2593
2592
2591
2583
2582
2580
2579
2577
2576
2575
2570
2569
2567
2564
2562
2561
2560
2557
2556
2550
2547
2546
2545
2543
2541
2539
2538
2537
2536
2535
2532
2529
2528
2527
2522
2520
2517
2515
2513
2512
2509
2508
2507
2504
2503
2496
2492
2491
2490
2489
2488
2486
2484
2482
2478
2474
2472
2469
2468
2467
2465
2464
2463
2459
2455
2452
2450
2449
2446
2444
2442
2441
2440
2437
2436
2435
2434
2431
2430
2426
2425
2422
2420
2417
2415
2413
2411
2405
2403
2401
2399
2397
2393
2392
2391
2387
2386
2385
2378
2377
2376
2375
2372
2371
2367
2366
2364
2360
2358
2356
2353
2352
2347
2346
2345
2340
2337
2336
2330
2328
2324
2323
2322
2320
2319
2318
2317
2313
2310
2308
2307
2305
2301
2299
2298
2297
2296
2295
2293
2289
2288
2287
2286
2285
2283
2280
2278
2275
2273
2270
2267
2262
2261
2260
2259
2258
2255
2253
2252
2249
2247
2246
2245
2244
2243
2241
2239
2238
2234
2233
2229
2228
2227
2226
2224
2222
2221
2220
2219
2218
2217
2213
2212
2207
2205
2204
2200
2199
2198
2195
2194
2192
2190
2189
2188
2187
2185
2182
2178
2176
2173
2172
2169
2168
2166
2162
2160
2159
2156
2155
2153
2151
2145
2143
2140
2139
2136
2133
2132
2131
2128
2127
2117
2116
2115
2114
2112
2110
2109
2108
2107
2104
2103
2102
2101
2100
2099
2097
2096
2093
2090
2087
2084
2083
2079
2078
2076
2075
2073
2070
2068
2067
2066
2064
2063
2062
2061
2059
2058
2057
2055
2054
2051
2048
2047
2046
2045
2041
2040
2039
2035
2034
2033
2032
2031
2030
2022
2021
2020
2016
2015
2013
2011
2009
2006
2005
2004
2003
2002
2000
1999
1998
1996
1994
1993
1989
1988
1986
1985
1983
1982
1981
1980
1978
1977
1975
1971
1969
1968
1967
1966
1965
1963
1960
1959
1954
1953
1952
1951
1949
1948
1947
1946
1944
1943
1942
1938
1936
1931
1930
1928
1926
1922
1920
1919
1918
1917
1915
1914
1912
1909
1907
1906
1905
1903
1902
1901
1899
1897
1896
1893
1891
1890
1887
1886
1885
1883
1881
1880
1879
1878
1877
1875
1874
1873
1872
1869
1867
1862
1860
1859
1855
1854
1853
1852
1851
1850
1848
1847
1844
1843
1842
1841
1840
1838
1836
1835
1834
1831
1830
1829
1827
1824
1823
1822
1820
1819
1817
1814
1808
1807
1802
1801
1799
1798
1796
1795
1793
1792
1790
1787
1786
1785
1784
1783
1782
1779
1778
1777
1774
1773
1772
1767
1763
1761
1758
1755
1754
1753
1749
1748
1747
1742
1738
1737
1736
1735
1733
1732
1731
1730
1729
1728
1724
1723
1722
1721
1718
1714
1713
1711
1710
1707
1706
1705
1703
1702
1700
1697
1692
1689
1688
1687
1684
1683
1682
1680
1678
1677
1676
1675
1674
1673
1672
1670
1669
1667
1666
1665
1664
1662
1661
1660
1658
1656
1654
1651
1650
1648
1644
1642
1641
1640
1638
1637
1636
1635
1631
1630
1625
1624
1623
1622
1620
1619
1618
1617
1614
1610
1609
1604
1602
1600
1599
1597
1596
1594
1593
1592
1589
1587
1586
1583
1582
1579
1578
1575
1571
1567
1566
1560
1559
1558
1557
1556
1554
1550
1548
1547
1545
1544
1542
1541
1540
1538
1537
1536
1534
1533
1532
1531
1530
1529
1528
1527
1526
1525
1522
1520
1519
1516
1515
1514
1513
1512
1508
1507
1503
1502
1494
1492
1490
1485
1478
1477
1475
1474
1473
1472
1471
1470
1469
1468
1466
1465
1463
1461
1458
1457
1455
1454
1449
1447
1446
1444
1442
1441
1439
1435
1432
1430
1428
1427
1424
1422
1421
1417
1416
1415
1412
1408
1407
1406
1405
1401
1398
1395
1394
1392
1390
1389
1387
1385
1384
1382
1381
1378
1375
1374
1371
1370
1369
1368
1366
1364
1358
1354
1351
1347
1345
1344
1342
1341
1335
1330
1328
1327
1325
1324
1322
1321
1320
1319
1318
1315
1314
1312
1311
1310
1309
1308
1307
1302
1299
1296
1293
1292
1291
1288
1287
1284
1283
1282
1280
1275
1273
1272
1271
1267
1266
1262
1261
1260
1259
1254
1252
1251
1247
1246
1244
1242
1238
1230
1229
1227
1226
1225
1222
1219
1218
1215
1214
1212
1210
1209
1208
1207
1206
1202
1201
1200
1199
1196
1194
1193
1190
1189
1187
1182
1181
1180
1179
1178
1177
1176
1174
1173
1171
1167
1165
1164
1160
1159
1158
1157
1156
1154
1149
1146
1145
1144
1142
1139
1135
1130
1127
1126
1124
1120
1118
1115
1114
1112
1111
1110
1109
1107
1106
1105
1104
1102
1097
1096
1095
1094
1086
1085
1084
1082
1081
1080
1077
1076
1074
1073
1069
1059
1058
1055
1054
1053
1052
1051
1047
1046
1041
1039
1038
1037
1035
1034
1030
1029
1027
1024
1023
1022
1021
1020
1018
1017
1016
1012
1011
1009
1004
1003
1001
999
997
995
992
990
988
984
983
982
981
980
970
968
966
963
962
959
956
954
953
952
946
945
944
943
941
940
939
936
935
933
932
931
930
928
924
923
918
912
909
907
906
905
904
902
898
895
892
891
888
887
883
882
881
879
873
870
869
867
865
864
863
860
858
854
852
847
846
842
841
840
838
836
835
832
831
830
827
826
824
820
818
816
815
812
811
805
802
799
797
791
787
786
785
783
780
778
775
774
773
770
769
767
766
765
763
760
759
757
755
754
753
751
750
748
746
743
742
737
736
735
730
725
724
722
714
711
709
707
703
699
698
697
688
686
685
683
680
677
675
673
671
670
666
663
661
660
658
656
655
651
649
647
646
644
643
642
640
639
637
635
634
633
632
631
627
626
623
619
617
616
615
611
610
609
608
607
606
603
602
601
600
598
597
596
595
594
592
591
590
587
585
583
580
579
577
576
575
574
573
572
571
570
569
568
566
564
562
561
559
554
553
552
550
549
546
542
541
540
539
537
536
535
534
532
530
529
528
526
525
523
521
517
514
513
512
510
509
507
506
505
504
502
501
500
497
491
490
488
487
486
483
481
480
478
476
473
470
469
466
460
459
458
455
454
449
446
443
437
433
430
428
426
424
423
421
419
416
414
412
408
407
404
402
400
398
396
395
393
391
389
388
386
385
376
374
373
372
369
366
365
364
363
361
359
358
357
356
354
353
352
351
350
349
348
347
345
343
341
338
337
336
335
334
330
329
328
326
325
324
323
322
321
320
319
318
314
310
307
302
301
297
294
293
292
290
286
282
278
275
274
272
271
270
269
266
263
261
254
252
250
245
240
239
236
235
234
233
232
231
230
228
227
225
222
221
220
219
215
213
212
211
210
207
206
204
202
200
199
197
194
193
192
191
189
188
185
184
183
182
181
180
179
177
176
175
174
171
170
169
168
167
165
154
153
152
148
147
146
145
142
141
138
137
134
129
127
126
125
120
116
111
110
109
102
100
99
98
97
96
95
94
91
90
89
84
80
79
78
76
75
74
73
72
70
69
68
67
64
63
62
61
56
55
52
49
48
47
46
44
41
40
39
34
32
30
29
26
24
21
20
19
16
15
13
12
11
10
9
8
7
6
5
4
3
1
0
