4096
4374
6407
4853
2192
8054
293
2879
2245
4287
3870
665
1215
7101
182
1780
2669
2784
4119
2730
3314
6559
3330
4138
7360
1628
2685
6208
7739
5895
4704
627
2218
2907
891
1388
6527
5627
6807
5384
554
3433
3948
7282
7960
2453
6188
6186
1141
5371
895
6507
3507
431
1598
1407
4628
7546
7622
1880
7760
5250
663
7333
3455
1283
7808
4006
2958
5809
5013
2873
7044
2684
3987
1190
2807
2769
5321
7307
3498
2146
6048
772
303
670
1295
2789
7000
7575
2723
7812
5129
383
7235
1494
6145
53
5724
6228
2157
3985
4406
752
3358
908
5589
6629
1643
3040
1530
4284
2509
8121
3415
444
5725
6882
4389
2359
8169
3502
5421
4905
8099
1078
4221
3047
8168
7344
3649
7668
1774
751
852
123
2393
5874
1923
4089
3947
7122
403
5186
1473
4534
3486
3883
4721
3895
514
3028
6920
7800
5085
796
4753
6837
5919
6641
5882
1272
2876
2256
3264
2933
4498
3721
1645
4890
6468
84
4907
5555
6224
5899
6359
5509
63
7935
6346
3525
6426
1980
5978
1374
7833
1387
6235
4900
7555
2906
3923
7354
8127
6039
5164
4836
481
2120
61
312
6049
1787
438
210
4823
427
5376
7541
7659
8185
3978
6712
1887
3925
5663
7928
3901
6380
1809
6499
5288
3374
8106
3444
4901
5536
6957
7521
1636
7162
936
3913
7710
6844
148
5883
631
372
2912
7319
5092
2702
1343
2801
1383
6239
779
7670
7174
5597
6252
1860
494
2331
1147
2925
5131
1918
5701
3988
3663
1033
2841
489
7632
7476
1223
786
1236
4061
1865
2427
3150
551
6411
6492
107
4096
3771
3049
6769
6023
7164
952
3857
6204
1845
3622
3262
7264
4881
6106
6408
7945
3305
5277
4552
4135
5774
7303
1004
7320
388
7578
3805
2337
1145
3827
6980
7237
4837
7021
4328
3886
4131
6469
2068
5625
1652
6103
2753
2136
675
1806
3226
1740
5200
2382
4649
2853
5956
3897
2647
4122
5938
1766
512
5655
4388
2029
7486
4142
1291
3497
6231
3015
6313
5602
1290
1786
7251
3657
6539
6266
2356
2510
3567
3217
250
5039
6705
746
1017
209
4871
2790
946
6698
8079
2637
3055
1450
498
7534
4791
5434
7381
2023
6390
5038
1720
2173
3078
847
990
3933
7199
4009
8010
6057
1332
6251
2617
3023
6655
7712
4716
4200
2013
2671
1267
7560
4106
2672
7751
2144
4543
6647
634
3037
2281
4017
8096
8018
5445
5710
2222
3607
2985
3610
7269
4734
6159
4865
5242
5374
3912
5935
1869
428
7878
4899
2731
3964
3347
5901
8044
3951
1191
5117
7157
4486
18
3188
6734
1167
1055
3073
1855
7830
1614
1601
798
3464
6227
4004
6244
8013
4519
758
6382
2634
4632
4506
7504
4152
1597
7677
3601
5797
940
185
3318
7836
3357
3539
2957
6054
8028
6079
2208
2579
2693
3222
4192
5745
4763
5791
298
7453
5318
3826
6243
436
2479
6953
3685
3091
1504
5373
5381
5893
1741
7795
767
4845
6843
120
43
4252
1385
7519
5686
7921
2754
4497
927
2321
4640
3195
1698
7322
2737
3026
7858
2623
3192
1505
1196
6109
4231
2681
2653
7891
1153
5647
336
2708
4655
7070
335
2357
5888
1858
4569
1177
2547
7206
1439
7425
2559
5708
6041
6232
5405
1829
5484
3737
7094
5108
6587
3376
4380
4510
7340
7964
4273
3448
1311
7852
1925
4316
1657
2478
6664
5216
2749
2722
2008
3164
3697
7636
4327
7255
8145
2556
2777
3603
924
3432
224
7577
433
6691
853
7262
7972
8041
1729
2031
320
6026
1582
8021
2834
4926
1275
6986
1354
7414
3209
6993
531
2794
1767
780
4423
1040
4708
375
894
1992
6881
1565
342
7562
2542
3143
914
1174
5114
5020
7123
434
5016
6444
2776
3874
7482
7375
325
4994
7741
1843
4025
5293
6703
5231
3218
6670
6366
7468
1090
4619
588
1140
6922
5391
4211
3510
5606
716
2234
7424
7124
4158
4996
3569
832
1010
5178
3141
4432
1702
3799
3474
6702
1143
3411
2108
3588
3039
3285
2993
5080
6949
2990
3029
1349
7403
1580
5195
7309
1371
6795
1943
2431
1442
7188
5005
2162
5119
5196
1064
3828
4648
4983
1577
7064
7756
2506
580
5718
4892
7619
4643
842
5955
789
4277
6034
6880
6020
57
7770
3785
1984
1985
4546
3514
3154
1344
4677
3906
213
1482
7142
1307
1886
7259
4985
7810
7491
1338
7075
6271
6818
3437
47
6458
7042
4848
3365
4283
3387
7103
6573
7782
5873
1982
5543
7407
2450
7192
6470
5115
3875
513
5483
8089
4518
2323
40
5775
696
4740
2089
2342
15
1481
7015
7490
4484
3746
4155
6405
6412
7652
6895
5326
4344
5570
2388
530
3070
4263
1287
4788
2743
544
1710
2585
4232
1842
7473
448
3126
658
6759
3427
2320
493
169
2854
6221
1675
8020
3786
3500
6195
6283
3081
5040
417
5539
7418
5156
1743
2147
393
2583
1680
5416
795
4313
1178
1245
2497
4473
6668
2581
2757
93
5408
8081
2181
6797
876
1533
4054
3757
5581
5793
1328
184
7899
2848
2844
2631
8039
4885
7665
4219
3704
2317
3548
5337
3428
4123
4795
4717
6010
3842
6933
2397
418
3010
710
6119
4239
1705
6376
3927
462
6851
6370
2063
1539
2778
6884
2871
5970
5215
6939
2084
535
7377
5965
7620
3130
934
6583
3075
5782
4789
6463
5253
3669
1217
5149
7643
521
6125
5025
6169
577
6037
4644
4930
1783
324
4968
46
106
5932
1266
3915
309
4545
503
833
6264
7906
5943
5126
4162
2782
7764
6197
1738
7198
4863
6856
3335
5766
4599
5875
1893
6970
8157
2875
3372
7084
5192
861
7703
607
2893
283
5222
5691
4358
6566
8116
4074
816
7365
4181
4333
1935
1392
913
5752
7855
4921
6739
7706
2148
605
506
6069
2244
8075
4770
6146
4812
2719
6021
1394
3724
499
2945
7981
2050
571
2895
2964
5329
7435
3394
6613
6716
1289
5585
7737
1373
6096
6324
2098
3789
1911
4080
10
2718
6462
4646
1770
6247
366
2535
2656
1995
6902
4514
960
2332
4012
3232
173
2055
7646
6295
534
6730
2311
8174
4148
4145
6161
1292
5650
4458
2724
5061
5785
8
8176
6163
1765
4302
1696
3127
1631
1144
820
5491
6060
5896
3503
5652
4929
4304
5202
2709
5137
2812
4781
8070
4168
6364
4948
6184
4995
901
2889
1110
4819
5802
4939
4308
3100
1039
4140
7194
5042
836
5133
5157
3519
653
1169
4073
693
2976
1965
1594
7455
1152
7147
221
6425
7711
1356
6369
4237
1451
8109
5090
4835
2599
2824
319
5482
3084
133
2156
878
5681
814
1357
2520
6653
8161
6500
970
695
5580
5826
7723
5183
7925
5065
3064
2024
2361
5358
3267
4782
8006
4553
3632
7132
2124
2420
256
827
949
7432
3995
1071
1564
5191
6027
4635
4178
6509
5172
5512
6215
4040
7080
8182
775
5505
687
7805
7398
5171
3506
4958
7313
5780
140
5653
1346
2922
984
1098
4511
4565
5143
748
6456
7284
2044
389
3993
6064
4779
1296
2262
1237
7287
6439
4691
818
1122
485
2530
6062
7556
34
731
2755
5635
6671
6100
1938
3855
6303
3918
1939
6649
5448
5
2525
6749
870
2257
2328
6342
829
4268
1246
6652
5055
4577
1229
4665
7254
8142
3949
981
3065
6909
1050
1700
5125
549
749
4689
2102
1035
858
7539
1175
2981
2213
4185
2979
447
6684
58
6490
4415
5390
3714
6132
5645
7023
986
3688
7182
2354
255
6475
1535
4998
804
7615
5592
33
2466
3648
8144
4291
3667
1867
8098
7774
3734
4950
1087
6865
2047
2299
1284
1286
8064
6189
6135
7705
2747
2538
7696
2954
1493
3763
1684
1056
2099
4687
6525
7569
1417
6278
585
7342
4586
1247
1553
4742
3592
2135
6827
7901
2932
473
8026
2444
744
5478
5415
3480
6935
5781
3713
6423
6445
8025
8003
6395
7947
4442
2429
4281
129
6473
3561
7048
1531
346
7296
2539
1517
268
2575
458
6973
4707
338
2269
7389
1772
7613
7079
5490
6747
7998
5422
2391
6646
3645
8088
4150
1156
7404
5346
4517
158
4940
977
5842
8186
1660
4815
6548
340
230
5975
1455
2087
7167
7452
1954
5313
7102
5735
3468
3446
6358
4855
2074
7046
3231
2607
1277
3351
6479
327
565
6654
4938
382
360
3679
1618
5363
6077
837
7908
2114
5530
5262
3214
1585
5246
944
3153
2582
6355
4467
1490
3920
4487
333
6861
8036
4825
3752
7915
5824
5792
7316
3516
5800
4112
1384
3247
6455
6733
2404
2255
6547
1341
5831
7952
5237
2449
2680
4348
5679
7471
496
6789
2779
2655
1213
6689
508
5221
692
844
5006
7702
183
2518
4196
6568
407
3765
3852
8008
72
4419
6623
8062
3260
6172
1470
363
5702
4908
1739
5733
6288
1405
2058
3807
8124
1198
3203
5673
1884
1889
6510
380
1347
1376
6287
5428
2978
7038
2917
361
4889
4090
3362
4095
3700
1794
3071
3216
4364
99
1432
5377
5964
3965
2364
4566
4986
3473
2531
6477
6968
1835
6210
5001
4300
5823
4989
4407
7032
7058
6363
3123
5122
8119
7043
6845
3579
7068
2416
7859
4357
7180
7695
1326
6383
4256
3564
2491
7496
282
6835
650
6648
5993
3812
3042
6421
3608
5529
1647
5287
3847
1620
6269
4925
5628
4972
1617
3715
7492
1426
1795
1866
3973
6738
12
4104
1949
5626
4718
2894
6911
5475
7056
6947
6218
7704
7348
5789
5767
6549
5307
4661
2713
2700
1461
2301
3
6723
2327
1389
4636
178
3633
4826
4563
4203
6905
1513
3628
5469
8042
5949
7402
5607
3052
7215
1861
228
7605
2624
3122
6300
7987
3698
602
8115
5719
4712
559
7230
4445
5541
3551
337
5794
2418
8068
3867
547
5024
2658
2405
3719
4588
7152
7481
192
7060
6951
68
3864
3989
6815
6958
214
601
719
7267
5820
5155
6326
6983
4949
5845
3796
7442
699
3890
5359
5089
6726
3914
7353
543
1853
5220
7229
7338
4031
4726
1981
4818
3728
4757
75
4571
419
3182
5180
5900
7196
6104
24
6101
4952
2012
7067
2014
1602
5671
3312
2347
2774
5811
6371
358
1161
4288
763
3145
1027
6857
1333
5431
7681
2959
7285
3732
1516
4376
2086
4733
4898
1059
2674
3521
1959
2333
3590
2759
6276
3555
2069
5856
1500
5111
2888
598
8100
610
845
7204
7148
3275
3748
5094
2791
5603
3419
2037
1390
8005
37
7249
7135
4276
3329
6722
7020
4783
4997
6171
3716
7257
7832
5516
5194
7063
7604
3309
3369
6237
2829
7862
6578
969
2015
5863
2380
5041
2806
1029
3375
6526
1302
1015
1399
2865
3225
5853
3672
7502
1002
2280
1443
6751
6775
1408
1750
3177
7895
802
5731
1706
1386
1466
67
3197
5736
8110
7785
7929
5568
5169
4870
6903
7850
5116
6550
2285
6353
3651
4065
7554
6878
4163
7346
7587
3942
1988
5084
5829
5053
7516
3775
4130
108
6173
694
2090
1309
1312
4663
6681
6711
2690
2152
7497
2787
7242
3265
849
2097
2601
1626
5740
4987
181
5721
5430
7325
6368
7986
6379
4476
5311
6284
461
3501
4960
2375
4197
7890
1079
4647
774
6913
7508
1429
8031
1457
591
8170
3135
7522
8033
5026
7121
7537
4346
1603
2910
5182
6180
6400
6055
6794
5007
2137
4428
5947
2643
1231
2741
3207
4935
240
6708
3178
726
7588
6190
1507
806
2493
4530
1176
7786
4230
2675
1123
263
450
3268
781
4752
5229
2494
6373
4434
3963
6917
5492
6123
3311
198
387
1262
2638
7210
1934
4392
1629
2363
2864
2271
2696
5243
737
6459
2563
6031
191
7436
3638
6888
195
6626
2377
1134
3398
2300
2823
4342
1452
7894
2312
6078
1393
296
3144
7621
1510
4542
2480
652
3452
2861
339
4245
6111
4549
1792
6438
377
1752
1848
8117
6138
4564
7228
5102
2880
7688
5332
7841
235
980
31
8148
1398
7961
1559
5289
4383
7351
6894
390
1352
686
7086
6847
6802
7811
286
2628
6136
4480
4143
2635
5697
1612
7298
7991
4242
4797
3238
6773
629
4272
7599
3654
2632
7475
6783
1241
306
8105
6735
1693
7846
5051
4633
5917
1576
7780
4154
4785
1224
1970
6240
1627
4114
7920
1973
7642
3189
5838
3802
3553
202
1416
5212
6354
6904
6643
3434
7273
6162
4425
7817
7807
7439
4557
4443
2898
6116
4225
5158
4266
959
7096
6605
5723
3512
7059
1813
905
4832
3600
705
2003
7971
2597
1538
1210
280
5656
7130
1542
135
3996
5201
1619
5544
2214
6707
468
800
4360
4182
3687
6270
1226
668
6260
4992
7726
1255
6570
5096
3270
259
6413
6170
6511
5207
1524
890
5889
3107
735
6682
278
23
691
6387
4320
1812
6216
4002
1449
5523
6839
2467
7005
7437
8190
2831
5436
4667
1625
8072
7778
4398
7792
5375
2618
4176
7400
1611
5519
1942
1258
4934
2071
2660
6134
4438
6544
8094
160
7438
6157
7875
1120
1878
5832
2199
371
343
3888
2067
5575
991
2461
7179
4139
6117
3821
8180
5312
5225
7877
5226
608
3990
6892
3236
6859
1940
7459
4570
2235
1379
3866
3968
6457
6584
906
4523
4461
1435
5574
518
7143
1270
3115
1977
7876
5928
7190
4769
2605
1749
4551
1986
2815
7673
7730
7209
3087
768
4351
5176
432
4562
7655
3549
5623
1183
4424
1961
1204
595
2020
1723
4093
6893
7367
8038
5612
7977
5867
830
893
743
6448
8050
1578
3212
7984
6209
2189
6982
2571
2750
356
5452
5280
5295
2169
5532
7214
4741
7329
2683
5756
5732
6572
7410
4057
4894
5266
1589
73
3846
2408
6678
3625
48
1841
3019
6128
4466
304
1832
2626
4033
1358
4529
5537
3944
6105
1682
3674
159
606
6151
640
3953
1052
3410
315
3221
524
3936
2352
5911
3873
4010
885
3332
7868
7662
5327
4285
5067
5348
1960
2793
3961
2503
6767
6974
5079
6420
1411
4184
6772
5333
5388
6757
4913
6377
4210
3718
269
5214
5501
4343
3909
487
5693
6046
3766
6207
249
5517
5380
6505
1239
139
261
2468
2441
2819
7548
406
4688
4194
7664
3664
4692
7040
6912
8066
3106
7356
1200
6147
3582
635
6175
4509
7771
2821
866
5459
5698
2324
5758
4452
1253
2329
2810
5953
1944
3033
294
7283
4275
4910
6061
6451
5717
4880
7413
4108
5047
7326
5255
4828
5542
6924
3395
4884
3929
5140
7701
6868
7982
6714
7072
3459
3336
7628
1859
381
7183
1489
3036
917
8027
1552
3246
517
4175
6571
1671
5989
4367
7370
3038
2537
4904
2589
6274
1883
7337
6126
6824
5135
7593
1599
5726
5868
576
5962
1036
3393
6217
689
711
7039
2896
275
3009
474
6956
516
5805
6245
102
2663
5068
7104
5410
5208
782
5455
6564
6277
2762
8155
6386
6914
7088
3382
6050
3557
739
3546
6011
4229
4134
5621
1365
4965
7275
6657
2942
1126
1621
7639
1623
3879
127
7197
630
1534
5450
1831
613
3769
1554
4724
4032
4179
2419
1776
1997
3593
2487
6233
4676
1646
4774
5124
5538
4240
2424
813
6076
2121
3863
2033
5075
4916
317
5396
5355
3259
7291
2611
931
1593
2433
791
6
7934
6212
1701
5525
824
2544
6746
6633
3893
4915
6919
2818
318
6315
3460
3626
5677
3755
2512
6706
1488
1370
2118
2279
2185
1687
6015
2983
2170
5101
722
4895
4699
4001
171
7596
4555
119
2649
4786
4711
3712
3299
568
7917
5087
2833
5546
5429
7041
1751
3612
5871
7105
5150
5244
8082
1655
3570
1070
7054
6273
5267
7168
7248
2238
3463
3781
3160
1756
1130
6661
2401
4191
5132
310
3998
7390
6167
929
5727
999
1146
6985
7804
7676
1187
8149
3044
5637
1148
3113
541
8189
125
7973
6447
7983
7368
7531
7735
7584
1638
2804
2980
4874
4008
4618
1102
2022
2471
5624
3416
2261
3056
1838
1221
583
5468
2160
1672
717
2232
6627
6220
1952
4962
4161
3180
3417
6091
7883
437
80
2855
6261
4068
4055
2715
7775
4613
2041
5345
83
7768
1227
1779
2465
157
7095
522
6955
7091
3249
7014
3808
4681
3363
7012
3574
2302
1947
4069
3447
4441
989
2648
3196
728
7818
1491
271
5857
6337
7864
4102
1681
5540
14
5801
3686
6667
3970
5778
3413
1240
2878
2216
4522
7634
6211
8048
6907
2481
2678
3938
1781
154
3076
4639
899
5579
2231
3175
4737
6083
5855
7
4827
3066
201
7823
678
1703
3140
6230
7024
7649
2483
3524
1020
7009
4891
130
916
4303
6485
919
5211
3080
6852
4046
6053
4561
875
3722
7387
6611
6780
540
1030
1235
2646
7150
1818
7826
4433
6692
2325
1901
2590
5988
3782
510
567
6461
1583
996
3816
2744
6762
2039
909
4592
4866
3082
2
2140
2004
359
2886
4736
2051
7187
3048
5715
1168
2802
3741
2529
2714
5093
7671
4382
2171
7315
6650
4403
150
1922
592
1132
7505
6788
6340
2798
2639
855
1008
7930
1543
4796
4833
3762
7485
7392
4332
6323
3016
6347
6565
713
3659
3170
740
7173
7948
5254
2574
3149
8140
7087
1049
6869
6332
6384
4044
4951
5784
2306
8103
5903
134
2115
1789
3943
6059
1456
7871
1085
7526
5894
7332
6320
7451
6299
721
3252
3635
2233
1560
3702
835
227
4039
2399
5395
951
4159
4157
7358
1265
4167
896
8133
7263
4236
1137
4610
1497
5976
5473
922
1847
2670
2159
7460
5464
5219
267
5264
74
7461
2866
7630
2486
6338
1469
4670
30
6541
4075
2966
7719
838
7798
6585
5712
983
28
5278
6558
2224
4088
2164
5292
6397
3618
6817
3274
1999
5181
3161
3407
1844
3067
6339
3229
3266
3677
4208
1280
4472
3383
7692
2104
4893
3581
3840
1717
2062
5508
3820
5644
6786
2236
6352
5417
7955
8004
1815
4190
6741
4118
4710
6755
2006
6579
5685
6418
1485
6687
1763
2126
1444
2073
6534
792
4156
1615
911
6040
1852
5587
7383
5274
1771
5562
6523
113
4455
219
3050
2396
4579
2758
4286
7034
5397
1468
2452
4429
2105
4233
5144
323
3572
5664
3958
7509
1014
4984
6495
3018
7845
5120
2602
7062
6963
3089
229
715
5004
5163
6446
6281
4609
3960
4120
3408
7872
2365
8122
1294
290
4729
871
6508
4750
5636
412
3899
5812
4481
1716
1624
4076
7861
1875
117
2761
6694
6267
942
915
6814
491
1124
3006
7003
3730
5258
2551
2374
7314
7892
4471
56
7281
2021
3133
2996
2128
4430
5684
5142
2524
471
7738
5553
3325
3302
4924
3482
5097
3543
6779
7379
4999
7544
667
2564
6280
1453
6334
3257
3092
5703
542
6374
3493
3476
3421
734
5443
7330
6754
5946
2781
2507
594
6028
5786
2336
6533
1205
3898
2191
5939
51
1677
7343
2386
2967
7572
2455
6699
3726
5590
3841
6436
2072
3320
7405
7169
1967
1936
1616
7682
5596
621
2346
5444
6174
4077
4137
7429
1005
5527
8095
7732
2673
2489
5146
4037
5494
6393
7082
3749
1459
7225
2961
4804
411
313
7809
231
633
770
435
1234
7860
7156
4556
5168
2944
7651
6538
3102
2066
2030
877
4578
5356
3559
2586
2395
3281
1472
8059
1362
3650
2938
5286
1759
6272
6551
2929
6700
4658
7693
6030
6606
153
7927
3921
755
4098
867
3293
8130
5154
4821
3167
1129
4701
3391
480
2166
3924
3563
6744
4091
5030
4971
4224
1155
7247
5066
7631
562
619
6018
3717
6640
1268
6002
850
4868
5714
8179
7514
654
926
6883
3494
7472
4016
5317
3228
637
5757
4674
2805
1690
7563
1685
5633
6798
7426
2298
2710
1073
155
4572
4369
7754
3355
5217
2765
5699
4373
7406
4475
5210
1125
1656
5281
442
857
846
311
3392
2417
2591
270
4979
5977
5511
5402
3322
1492
5236
2799
4666
1753
7583
4694
617
6897
7851
2343
6333
3295
5471
331
525
410
7922
174
1963
2994
4857
347
4878
7276
1447
4325
1676
2792
5378
7238
3611
4767
2496
2746
6752
2947
660
7114
1536
302
4011
4362
1909
6486
1028
5696
1101
6118
7585
3292
6005
5069
6656
6674
5747
4412
4872
395
4258
1541
2348
4574
2615
4698
1076
1724
1547
6531
3520
8069
5865
3466
4457
4296
1650
5971
7602
6094
504
5814
7849
3811
821
3025
6810
8156
1142
1083
771
2186
3187
3234
3790
7748
4696
329
502
864
1316
7107
700
5393
164
6199
7581
2249
4730
2943
6226
8150
7978
2205
3892
4955
6417
6519
190
2165
5496
3350
94
7469
1203
273
1114
4216
2210
742
5586
6155
6429
1414
3941
2221
1006
118
4990
4049
1220
4298
4217
6222
6771
2367
6179
6006
4483
6225
354
3227
4267
681
20
4735
1563
6487
6089
5399
2230
6898
4081
4169
1434
8132
6599
5465
6832
526
2786
4259
3384
6569
4170
5881
6108
5432
3168
1480
2594
4771
4834
1574
5145
409
4612
3558
7597
7236
1584
5021
968
8055
5922
112
6877
7750
3002
6916
4641
604
7117
4468
6329
6481
7211
5204
6574
1686
8113
7361
1862
76
7115
1644
4488
8134
7828
7684
5463
4094
685
2934
1445
649
6073
7902
673
2056
7423
5449
7250
1518
1003
1773
6466
4622
6143
7763
3005
4141
86
5933
4967
6402
258
7959
7907
470
2772
6454
7724
1979
4762
35
2163
7656
5983
1971
2411
3402
3862
6567
2664
561
6120
6766
3623
5659
172
625
2026
4453
8037
3547
553
7898
89
5884
6465
1958
4713
7416
4262
6776
5593
2351
1502
5103
2725
794
6036
291
3224
7066
5768
7757
6223
3982
4199
1080
170
4653
7401
1208
2973
2445
2019
5833
7644
6012
5514
4062
5342
5642
2501
8023
2668
5369
528
6950
3118
5984
2756
907
3404
1805
2038
1095
220
1044
2511
8060
7474
1654
4678
6249
2313
7004
3598
7552
6410
167
5316
2540
1863
4478
5100
3640
5877
7419
4686
3121
2965
5043
8029
7293
4623
252
2621
2561
5054
1106
3148
4537
6099
6999
6513
460
307
6743
7345
2167
7714
7493
1975
3331
706
6110
703
5521
3980
868
6256
1953
7601
6962
101
923
6543
620
2061
6435
2430
7227
4356
815
1670
5711
1181
4207
8093
5121
1081
6430
8138
5638
6282
5843
6607
1525
3315
1412
5282
3959
1060
2260
2953
2002
6715
3609
7396
6177
4854
2043
3754
6624
492
4035
3074
666
2432
6677
7133
7466
4976
4193
6816
4659
1378
657
1476
6812
808
7790
5259
863
8167
2225
6535
5504
2436
1104
2198
6090
6166
5929
7909
3364
2227
1441
4153
161
3673
2698
2371
2154
1732
400
6484
3556
1363
7191
920
5299
1219
4248
2223
5654
5232
6834
1032
452
6537
5206
2622
2992
4110
6719
2872
5323
5981
1250
3642
4528
3860
4087
1850
3917
1902
189
5577
1437
2920
5688
7698
5349
7607
956
2950
1173
2699
7065
2007
3035
4975
4541
3583
7746
6453
993
3062
1544
807
7980
2849
622
921
4877
3511
7078
1501
6198
6590
7963
5018
4638
6474
3731
3204
3185
1760
5424
2508
6074
3215
6803
3237
1396
7334
7658
566
7551
238
1714
2986
3733
2545
5031
7454
545
4634
1871
1335
1096
7802
5996
4437
7988
4536
3258
4218
515
6592
276
3013
1575
7470
7111
5526
2289
2924
4289
2488
7185
1825
3352
6597
4222
1300
5522
4209
6356
5613
2183
7568
1722
2600
7779
5152
7391
3479
7223
5706
3088
4583
5301
5071
5159
6194
257
6724
1345
7069
3824
8114
6750
264
3098
4625
3578
7372
3269
1211
5897
6890
4078
7879
5945
3287
6936
3297
5008
2752
1391
3630
7224
6255
6238
4978
3390
4353
1526
4187
3599
3513
6588
4030
7165
1325
7464
6972
5565
464
4180
2846
6357
6740
6139
3848
2434
7131
5479
3043
6035
8139
3822
1299
1264
1882
1043
6113
4725
7002
5297
4136
6142
5138
2984
3439
29
5239
7006
7840
2916
1641
3880
6870
1908
1498
5032
5435
7788
5387
3830
2716
330
2270
7382
3838
1260
7239
3399
2149
385
3634
1170
4244
207
211
3241
3086
1115
4227
5957
2982
1864
4768
4743
7715
6619
8143
1067
961
5600
5594
5404
4851
6480
2251
2413
5963
4620
6729
2454
3887
3319
4264
6820
6098
2587
7175
7297
1579
8102
7529
6115
5611
647
217
1348
6065
3487
2642
5485
7882
1581
1495
7127
8152
4875
5285
3239
6660
1058
6756
6095
1375
