4096
3
4
5
11
13
14
15
16
17
18
22
30
33
35
36
38
39
40
42
44
46
47
50
53
54
55
56
61
62
63
65
72
75
76
77
78
79
80
81
82
86
87
93
95
96
98
99
100
101
102
105
107
108
111
112
113
114
116
119
120
122
126
127
132
135
136
137
139
140
141
143
144
148
152
153
156
157
159
167
169
170
171
172
174
178
181
183
184
191
193
198
200
201
203
204
206
211
216
219
220
222
223
225
227
228
231
235
236
237
238
239
240
243
244
245
246
248
249
250
253
255
259
263
264
265
267
268
270
271
272
273
275
277
280
281
282
284
286
288
289
291
292
293
294
295
296
298
299
303
304
306
308
310
312
313
314
315
316
317
318
320
321
322
324
325
327
328
330
333
335
337
338
340
342
343
344
345
347
348
351
353
355
356
358
360
364
365
367
372
373
376
382
383
384
386
387
390
391
392
394
396
399
400
401
412
414
416
417
420
422
424
425
427
430
431
432
436
438
440
441
444
447
448
449
451
452
460
461
462
463
464
465
467
469
471
475
477
478
479
480
481
482
483
484
485
486
487
488
489
492
495
499
501
502
503
504
508
510
512
515
518
520
522
523
525
529
530
533
534
537
542
543
544
546
548
552
553
558
560
561
562
563
565
566
567
568
569
571
573
574
576
580
583
584
586
587
591
592
593
595
596
597
598
599
601
603
604
606
607
609
610
618
619
620
621
622
625
628
632
634
636
638
639
642
643
644
645
646
647
649
651
653
655
656
657
659
663
665
666
668
669
670
671
677
678
679
680
681
684
685
686
687
689
691
698
700
701
702
705
708
709
710
712
713
721
725
728
729
730
731
733
734
735
738
741
742
744
745
747
749
750
751
752
753
758
760
762
763
765
767
768
769
772
773
775
777
779
781
786
787
790
791
792
793
794
795
797
799
800
801
804
806
812
816
817
819
820
821
822
823
825
827
828
829
836
839
841
842
843
845
846
847
849
850
851
854
855
857
858
859
862
865
867
869
870
872
873
878
880
881
882
884
891
892
893
895
896
899
901
902
903
904
905
910
911
915
916
919
920
921
922
924
925
927
928
931
932
934
935
936
937
938
942
943
944
945
946
952
955
957
959
960
964
970
971
973
974
975
978
980
981
983
985
988
989
990
992
994
996
997
1000
1004
1006
1008
1011
1013
1014
1016
1017
1019
1021
1023
1024
1028
1030
1032
1034
1036
1038
1040
1042
1044
1045
1046
1048
1049
1050
1053
1054
1058
1060
1066
1067
1068
1070
1071
1074
1078
1080
1081
1082
1083
1088
1090
1092
1093
1095
1096
1097
1099
1100
1102
1104
1105
1108
1113
1116
1118
1119
1122
1124
1128
1129
1132
1136
1137
1138
1141
1143
1144
1145
1146
1148
1149
1151
1152
1156
1157
1158
1159
1165
1170
1172
1173
1174
1176
1177
1181
1184
1186
1188
1191
1192
1194
1195
1197
1199
1200
1201
1203
1207
1210
1211
1212
1213
1214
1216
1220
1221
1222
1224
1228
1230
1232
1234
1236
1239
1240
1242
1243
1244
1246
1248
1251
1252
1253
1254
1255
1256
1258
1260
1262
1263
1266
1267
1271
1273
1276
1277
1279
1280
1283
1285
1288
1289
1290
1292
1296
1300
1301
1304
1305
1310
1312
1316
1318
1319
1320
1324
1325
1327
1330
1332
1335
1343
1344
1346
1347
1349
1350
1352
1353
1358
1360
1365
1366
1369
1370
1381
1383
1386
1389
1390
1391
1392
1395
1397
1402
1404
1405
1408
1411
1413
1414
1415
1416
1418
1419
1420
1422
1423
1425
1426
1428
1429
1430
1431
1432
1435
1437
1438
1442
1444
1445
1446
1449
1452
1455
1457
1458
1461
1462
1465
1467
1470
1472
1476
1477
1478
1480
1482
1483
1485
1492
1493
1498
1501
1502
1504
1505
1507
1509
1511
1519
1522
1526
1527
1530
1534
1535
1537
1538
1539
1541
1542
1549
1554
1557
1558
1559
1563
1565
1566
1567
1568
1569
1570
1576
1577
1578
1579
1580
1581
1583
1587
1590
1592
1594
1597
1598
1599
1600
1602
1604
1606
1607
1608
1611
1613
1614
1622
1623
1627
1630
1632
1633
1637
1642
1644
1648
1649
1651
1652
1653
1657
1663
1664
1665
1666
1668
1669
1671
1674
1676
1677
1679
1680
1681
1682
1683
1688
1690
1691
1692
1693
1694
1696
1702
1704
1707
1714
1717
1718
1719
1723
1726
1728
1730
1733
1734
1740
1741
1743
1744
1745
1747
1749
1751
1757
1759
1760
1762
1763
1765
1770
1772
1773
1774
1776
1778
1779
1780
1782
1783
1784
1785
1789
1790
1791
1794
1797
1798
1799
1800
1808
1809
1810
1811
1813
1818
1823
1826
1832
1835
1837
1840
1841
1844
1845
1846
1850
1852
1853
1854
1858
1860
1861
1862
1864
1865
1866
1868
1869
1870
1871
1873
1875
1876
1877
1878
1883
1884
1885
1887
1888
1889
1890
1891
1892
1896
1899
1901
1902
1903
1904
1905
1907
1908
1909
1910
1912
1913
1915
1916
1917
1918
1922
1923
1924
1928
1929
1933
1935
1937
1939
1940
1941
1945
1947
1948
1950
1952
1955
1957
1958
1961
1962
1963
1964
1969
1972
1973
1976
1978
1982
1988
1990
1991
1993
1994
1997
1998
1999
2001
2003
2004
2005
2008
2009
2010
2012
2016
2019
2021
2025
2027
2029
2030
2031
2036
2037
2039
2040
2044
2046
2049
2051
2052
2055
2056
2059
2061
2062
2063
2064
2065
2066
2067
2069
2070
2074
2079
2080
2085
2090
2091
2093
2094
2095
2096
2098
2099
2100
2103
2104
2105
2106
2110
2113
2115
2118
2119
2120
2121
2122
2123
2127
2129
2130
2131
2133
2135
2142
2146
2147
2148
2151
2155
2156
2158
2159
2161
2163
2165
2167
2170
2171
2172
2173
2175
2177
2179
2181
2188
2193
2196
2197
2199
2200
2201
2209
2210
2211
2213
2214
2215
2216
2219
2220
2224
2225
2226
2231
2232
2233
2235
2236
2238
2240
2241
2242
2244
2245
2249
2253
2255
2256
2257
2259
2260
2263
2264
2266
2268
2269
2271
2272
2274
2276
2278
2280
2282
2284
2285
2286
2289
2291
2295
2296
2298
2300
2302
2305
2309
2312
2313
2315
2316
2322
2323
2324
2325
2326
2328
2330
2331
2334
2335
2341
2342
2344
2345
2346
2348
2349
2352
2353
2355
2357
2360
2365
2368
2369
2370
2372
2373
2374
2376
2377
2380
2382
2384
2387
2389
2390
2392
2394
2397
2400
2402
2403
2404
2406
2407
2408
2409
2410
2415
2416
2417
2419
2420
2422
2424
2425
2430
2431
2434
2442
2443
2447
2448
2450
2452
2453
2456
2457
2460
2461
2464
2465
2466
2468
2474
2477
2478
2480
2481
2482
2483
2485
2486
2488
2490
2491
2492
2497
2498
2500
2501
2507
2508
2510
2511
2513
2514
2517
2520
2521
2523
2524
2529
2535
2536
2538
2544
2546
2547
2548
2549
2551
2554
2555
2558
2564
2569
2571
2573
2580
2584
2585
2586
2587
2589
2590
2592
2593
2596
2598
2602
2603
2604
2609
2610
2611
2612
2613
2614
2615
2616
2618
2620
2622
2623
2624
2628
2632
2634
2635
2636
2637
2642
2646
2647
2648
2649
2652
2653
2655
2656
2657
2659
2661
2665
2666
2668
2670
2672
2675
2677
2679
2680
2681
2685
2687
2692
2694
2700
2703
2704
2705
2707
2709
2710
2716
2717
2718
2720
2725
2726
2729
2730
2732
2733
2736
2739
2744
2745
2746
2748
2749
2750
2751
2752
2753
2754
2755
2756
2757
2758
2760
2761
2762
2764
2767
2769
2770
2771
2772
2773
2775
2776
2777
2778
2784
2785
2786
2787
2789
2793
2794
2795
2798
2799
2802
2804
2805
2806
2807
2809
2810
2813
2815
2817
2819
2820
2821
2822
2823
2825
2826
2827
2828
2830
2831
2832
2834
2838
2839
2841
2844
2845
2846
2847
2848
2850
2852
2854
2855
2858
2862
2863
2865
2867
2869
2870
2871
2873
2874
2875
2876
2877
2881
2882
2884
2886
2887
2888
2891
2892
2896
2900
2901
2902
2908
2909
2910
2913
2915
2917
2919
2920
2921
2925
2926
2927
2928
2931
2934
2935
2938
2939
2940
2943
2944
2945
2946
2950
2951
2952
2954
2955
2957
2958
2960
2962
2966
2967
2968
2970
2971
2972
2975
2976
2978
2980
2981
2982
2983
2984
2988
2989
2992
2994
3000
3001
3002
3003
3005
3006
3007
3009
3011
3013
3015
3016
3017
3021
3027
3030
3032
3033
3035
3036
3042
3045
3047
3050
3053
3056
3058
3059
3061
3064
3065
3067
3068
3069
3070
3073
3074
3075
3076
3077
3081
3082
3084
3086
3088
3089
3090
3091
3092
3096
3097
3099
3102
3104
3105
3106
3107
3108
3111
3113
3115
3118
3119
3121
3124
3125
3126
3127
3128
3129
3130
3131
3132
3134
3136
3137
3138
3139
3141
3142
3143
3144
3146
3147
3149
3152
3153
3160
3161
3164
3165
3166
3167
3168
3170
3175
3181
3182
3183
3185
3186
3189
3191
3193
3196
3197
3199
3203
3205
3207
3209
3211
3213
3214
3220
3221
3222
3223
3224
3229
3231
3234
3235
3236
3237
3238
3240
3245
3246
3247
3248
3249
3250
3251
3252
3253
3255
3261
3263
3264
3269
3271
3272
3273
3274
3275
3276
3279
3280
3281
3284
3285
3286
3287
3288
3289
3290
3291
3292
3302
3304
3307
3309
3312
3315
3317
3322
3328
3329
3331
3333
3334
3336
3338
3341
3343
3345
3348
3352
3355
3356
3360
3361
3362
3363
3364
3367
3371
3373
3374
3375
3376
3379
3381
3385
3389
3390
3391
3393
3394
3395
3400
3402
3405
3406
3409
3410
3411
3412
3413
3414
3415
3416
3417
3419
3420
3421
3422
3425
3428
3431
3433
3435
3438
3439
3441
3444
3447
3448
3452
3453
3454
3456
3457
3462
3468
3469
3470
3472
3473
3474
3475
3476
3477
3478
3479
3480
3481
3482
3483
3485
3487
3489
3490
3493
3494
3496
3497
3502
3503
3505
3507
3509
3510
3511
3513
3514
3515
3516
3518
3519
3523
3528
3530
3534
3535
3537
3539
3540
3541
3544
3547
3549
3550
3552
3553
3558
3561
3565
3569
3570
3571
3574
3575
3577
3578
3581
3582
3583
3584
3587
3588
3589
3590
3591
3592
3593
3594
3601
3603
3604
3611
3612
3613
3617
3618
3623
3624
3625
3626
3627
3628
3629
3633
3635
3640
3642
3643
3645
3649
3650
3651
3652
3654
3655
3661
3662
3663
3667
3670
3671
3675
3677
3680
3681
3683
3684
3687
3690
3692
3693
3694
3697
3701
3704
3705
3706
3710
3711
3712
3713
3717
3718
3719
3720
3721
3722
3725
3726
3727
3730
3733
3735
3738
3741
3742
3749
3750
3751
3756
3757
3759
3760
3766
3768
3769
3770
3772
3776
3777
3778
3785
3788
3790
3791
3792
3793
3797
3798
3799
3801
3807
3809
3811
3813
3815
3817
3819
3821
3822
3831
3834
3840
3841
3842
3847
3848
3850
3851
3852
3854
3856
3862
3864
3865
3866
3867
3868
3869
3871
3873
3874
3876
3877
3878
3879
3883
3884
3886
3887
3889
3901
3902
3904
3906
3909
3910
3913
3914
3916
3917
3918
3919
3920
3921
3924
3925
3926
3927
3928
3929
3931
3933
3937
3938
3942
3943
3948
3949
3952
3956
3958
3960
3961
3962
3964
3965
3967
3969
3970
3973
3975
3977
3979
3980
3983
3984
3985
3991
3992
3996
3999
4005
4006
4007
4009
4010
4011
4013
4014
4019
4022
4025
4030
4031
4032
4033
4034
4035
4036
4040
4042
4043
4044
4046
4048
4053
4056
4057
4059
4060
4061
4062
4063
4064
4065
4066
4067
4068
4070
4071
4074
4075
4077
4080
4081
4083
4088
4089
4097
4098
4099
4102
4103
4104
4106
4107
4108
4111
4112
4113
4114
4118
4120
4122
4125
4127
4128
4129
4131
4132
4135
4138
4139
4141
4142
4145
4146
4147
4150
4151
4155
4158
4164
4165
4172
4173
4177
4178
4179
4180
4181
4182
4184
4188
4189
4192
4193
4194
4195
4196
4198
4199
4200
4203
4207
4208
4212
4213
4214
4215
4217
4218
4220
4224
4225
4227
4228
4230
4231
4232
4233
4235
4236
4238
4244
4247
4249
4252
4253
4255
4259
4261
4263
4264
4265
4270
4271
4273
4274
4275
4277
4280
4281
4282
4284
4285
4286
4287
4288
4291
4294
4297
4298
4299
4300
4303
4305
4306
4307
4308
4309
4311
4316
4317
4321
4324
4325
4327
4328
4331
4335
4336
4338
4339
4341
4342
4344
4348
4349
4350
4351
4352
4354
4357
4359
4360
4361
4363
4364
4366
4367
4369
4371
4372
4374
4375
4379
4380
4382
4384
4385
4388
4389
4390
4394
4395
4398
4399
4400
4403
4405
4412
4414
4415
4418
4419
4420
4421
4424
4428
4430
4431
4435
4436
4438
4439
4440
4443
4445
4446
4447
4448
4452
4456
4457
4458
4459
4460
4461
4462
4466
4468
4470
4471
4473
4475
4478
4481
4485
4489
4491
4492
4494
4495
4498
4499
4501
4503
4504
4505
4506
4508
4509
4510
4513
4514
4515
4516
4517
4519
4521
4523
4525
4526
4527
4528
4530
4534
4536
4538
4539
4541
4544
4545
4547
4548
4551
4552
4553
4554
4555
4557
4558
4560
4562
4566
4567
4570
4571
4572
4573
4574
4576
4577
4578
4582
4583
4585
4586
4587
4589
4597
4599
4600
4601
4602
4604
4606
4607
4609
4610
4611
4612
4613
4614
4618
4619
4622
4623
4625
4628
4631
4633
4634
4635
4636
4637
4638
4639
4640
4642
4644
4647
4648
4654
4655
4656
4658
4660
4661
4662
4666
4680
4683
4684
4686
4689
4691
4697
4698
4699
4701
4703
4705
4706
4707
4708
4709
4712
4713
4715
4721
4723
4725
4726
4727
4728
4729
4730
4734
4735
4736
4740
4741
4742
4745
4746
4747
4750
4755
4757
4760
4762
4763
4764
4765
4768
4769
4772
4774
4777
4778
4781
4782
4784
4785
4786
4790
4791
4793
4794
4795
4796
4800
4803
4804
4805
4809
4811
4812
4813
4814
4817
4818
4819
4822
4823
4826
4827
4828
4830
4834
4835
4836
4837
4838
4840
4841
4842
4846
4847
4848
4849
4856
4858
4860
4861
4862
4863
4864
4868
4871
4873
4875
4876
4878
4880
4885
4887
4888
4889
4893
4894
4896
4898
4899
4900
4901
4902
4903
4905
4906
4907
4908
4909
4910
4911
4915
4919
4920
4924
4927
4937
4938
4944
4945
4948
4950
4954
4956
4957
4960
4961
4962
4963
4964
4965
4966
4972
4973
4974
4976
4982
4983
4984
4985
4987
4991
4992
4994
4996
5000
5001
5002
5004
5005
5006
5008
5019
5020
5021
5023
5025
5026
5027
5028
5030
5031
5035
5037
5041
5044
5047
5048
5050
5051
5054
5058
5061
5064
5065
5067
5074
5076
5080
5081
5082
5083
5084
5085
5086
5088
5092
5093
5096
5098
5100
5101
5102
5107
5109
5110
5111
5114
5116
5122
5124
5127
5128
5129
5134
5136
5137
5139
5140
5141
5142
5143
5144
5145
5147
5149
5152
5154
5155
5156
5157
5159
5161
5164
5166
5167
5168
5172
5173
5174
5177
5178
5180
5186
5187
5188
5189
5190
5191
5192
5198
5199
5200
5201
5202
5204
5209
5212
5214
5215
5216
5218
5219
5226
5227
5228
5230
5231
5232
5233
5237
5241
5243
5244
5253
5254
5256
5259
5260
5261
5264
5265
5266
5270
5274
5276
5277
5281
5284
5285
5287
5288
5289
5290
5293
5295
5296
5299
5300
5301
5302
5304
5305
5309
5310
5312
5313
5314
5318
5320
5322
5323
5324
5325
5326
5328
5332
5333
5335
5336
5337
5340
5341
5342
5353
5354
5355
5357
5359
5360
5361
5363
5364
5369
5373
5376
5380
5381
5384
5386
5387
5388
5391
5392
5393
5394
5395
5397
5398
5399
5401
5402
5403
5407
5408
5409
5410
5413
5414
5416
5418
5420
5421
5423
5424
5429
5432
5435
5448
5451
5452
5454
5455
5458
5459
5464
5466
5468
5471
5474
5476
5479
5480
5482
5483
5484
5485
5486
5487
5488
5490
5491
5494
5497
5498
5501
5502
5511
5512
5513
5515
5516
5518
5519
5522
5524
5529
5530
5531
5532
5535
5536
5539
5540
5541
5542
5543
5545
5547
5549
5550
5554
5561
5562
5563
5564
5566
5569
5570
5573
5574
5576
5577
5578
5579
5581
5582
5583
5584
5585
5586
5590
5595
5596
5597
5603
5605
5606
5608
5610
5611
5613
5616
5618
5620
5622
5624
5625
5626
5627
5629
5630
5631
5632
5635
5636
5637
5639
5640
5641
5644
5647
5648
5649
5653
5654
5655
5656
5657
5664
5667
5671
5674
5676
5677
5679
5680
5681
5683
5685
5687
5688
5692
5693
5694
5696
5697
5699
5700
5701
5703
5705
5707
5708
5712
5715
5716
5717
5718
5726
5727
5729
5730
5732
5735
5738
5739
5740
5741
5742
5749
5751
5754
5756
5757
5759
5760
5762
5764
5773
5775
5776
5779
5781
5782
5783
5784
5785
5786
5788
5789
5790
5791
5794
5796
5797
5799
5803
5805
5806
5807
5808
5809
5811
5813
5817
5819
5822
5823
5824
5826
5827
5829
5830
5832
5833
5840
5841
5843
5844
5845
5846
5850
5854
5856
5857
5859
5861
5862
5863
5864
5868
5871
5872
5875
5876
5877
5878
5880
5881
5882
5885
5887
5888
5890
5892
5893
5894
5896
5898
5899
5900
5902
5903
5904
5905
5906
5907
5908
5909
5910
5918
5919
5920
5921
5922
5923
5924
5925
5926
5928
5929
5930
5931
5932
5933
5935
5937
5938
5939
5941
5942
5943
5944
5945
5946
5947
5948
5951
5952
5956
5957
5959
5960
5962
5963
5964
5973
5976
5980
5982
5983
5987
5988
5989
5991
5993
5994
5996
5998
6001
6004
6005
6006
6007
6008
6010
6011
6012
6013
6015
6016
6018
6019
6020
6022
6023
6024
6027
6029
6030
6033
6034
6036
6037
6038
6040
6042
6043
6046
6049
6055
6056
6057
6058
6059
6060
6062
6063
6066
6069
6072
6073
6074
6075
6076
6078
6079
6080
6081
6083
6084
6086
6087
6088
6089
6094
6095
6098
6099
6103
6107
6109
6113
6114
6117
6120
6123
6124
6127
6130
6131
6132
6134
6136
6137
6138
6139
6140
6144
6145
6146
6147
6149
6151
6152
6153
6154
6157
6159
6160
6164
6165
6166
6167
6169
6171
6173
6175
6176
6177
6179
6182
6183
6184
6191
6194
6197
6199
6202
6206
6207
6208
6209
6210
6211
6214
6216
6217
6220
6222
6223
6224
6227
6231
6233
6234
6237
6241
6246
6248
6252
6254
6261
6264
6266
6267
6271
6273
6274
6275
6278
6279
6280
6281
6284
6285
6286
6288
6290
6293
6298
6300
6305
6306
6309
6314
6315
6322
6325
6327
6328
6332
6333
6335
6338
6341
6346
6350
6354
6356
6357
6361
6365
6366
6367
6368
6369
6370
6371
6372
6373
6376
6377
6379
6381
6382
6383
6385
6391
6393
6394
6401
6402
6404
6406
6410
6411
6415
6416
6417
6418
6420
6421
6422
6423
6424
6427
6428
6429
6431
6433
6435
6436
6440
6441
6442
6443
6445
6446
6447
6448
6449
6451
6452
6453
6456
6457
6460
6465
6467
6468
6470
6473
6477
6478
6480
6484
6486
6493
6496
6497
6499
6500
6501
6502
6503
6504
6507
6509
6510
6513
6515
6516
6517
6519
6520
6522
6523
6524
6525
6527
6528
6534
6537
6541
6543
6544
6545
6547
6548
6549
6551
6555
6561
6563
6564
6565
6569
6570
6572
6574
6576
6577
6579
6581
6582
6583
6584
6588
6591
6594
6595
6596
6599
6600
6601
6602
6605
6607
6610
6613
6618
6621
6623
6625
6627
6628
6629
6630
6631
6633
6634
6635
6637
6638
6639
6642
6643
6644
6650
6651
6652
6653
6655
6658
6659
6660
6661
6662
6663
6664
6668
6670
6672
6673
6678
6679
6680
6684
6685
6686
6687
6690
6691
6692
6695
6696
6697
6701
6702
6703
6704
6705
6707
6709
6712
6714
6715
6717
6718
6720
6721
6722
6724
6725
6726
6730
6732
6733
6735
6740
6743
6744
6745
6747
6749
6750
6754
6755
6756
6760
6764
6765
6766
6770
6772
6773
6778
6779
6780
6781
6782
6783
6784
6785
6787
6789
6793
6794
6796
6799
6803
6804
6806
6808
6809
6813
6814
6816
6817
6820
6824
6828
6829
6832
6833
6834
6835
6836
6837
6839
6841
6845
6846
6848
6849
6850
6851
6852
6853
6855
6856
6859
6860
6861
6864
6865
6866
6867
6868
6870
6872
6874
6876
6877
6879
6882
6883
6887
6890
6892
6894
6896
6898
6899
6900
6901
6902
6906
6909
6910
6911
6912
6914
6915
6916
6920
6921
6922
6923
6924
6928
6930
6932
6934
6935
6940
6941
6942
6943
6947
6948
6949
6950
6951
6952
6959
6960
6962
6963
6964
6966
6968
6969
6970
6972
6974
6975
6977
6978
6981
6984
6985
6986
6988
6989
6994
6995
6997
7000
7004
7005
7006
7007
7008
7009
7010
7012
7015
7019
7022
7024
7025
7026
7027
7029
7030
7032
7036
7037
7040
7041
7042
7043
7044
7045
7047
7050
7051
7052
7055
7057
7063
7066
7069
7071
7073
7074
7075
7076
7078
7079
7080
7083
7085
7091
7094
7097
7099
7100
7101
7104
7108
7111
7116
7117
7118
7119
7121
7125
7128
7130
7132
7136
7140
7143
7145
7147
7149
7150
7151
7152
7155
7157
7164
7167
7171
7174
7175
7176
7177
7181
7185
7188
7192
7197
7200
7201
7203
7206
7207
7209
7218
7220
7221
7223
7224
7225
7226
7228
7229
7230
7231
7233
7235
7236
7239
7240
7241
7242
7243
7244
7249
7250
7252
7253
7254
7255
7256
7257
7258
7260
7262
7268
7269
7270
7273
7274
7275
7276
7277
7279
7282
7283
7284
7285
7291
7292
7294
7296
7298
7299
7301
7305
7306
7309
7311
7314
7315
7317
7318
7319
7320
7322
7323
7324
7329
7338
7340
7341
7345
7346
7351
7352
7354
7355
7356
7357
7358
7360
7364
7365
7366
7367
7371
7379
7380
7382
7386
7393
7394
7395
7396
7398
7401
7404
7406
7407
7411
7413
7415
7417
7418
7419
7420
7423
7424
7425
7426
7427
7430
7433
7441
7444
7447
7451
7453
7454
7456
7457
7458
7460
7461
7464
7465
7467
7468
7472
7475
7476
7478
7484
7485
7486
7487
7489
7491
7492
7497
7498
7500
7502
7503
7505
7506
7508
7513
7514
7515
7517
7518
7519
7520
7521
7525
7527
7533
7535
7536
7539
7540
7542
7545
7546
7548
7549
7550
7552
7553
7556
7561
7562
7563
7564
7566
7567
7568
7569
7572
7573
7574
7575
7577
7578
7579
7580
7582
7583
7585
7587
7591
7595
7596
7597
7598
7600
7603
7604
7608
7610
7611
7613
7617
7619
7620
7622
7625
7626
7629
7631
7634
7635
7636
7640
7641
7643
7645
7646
7647
7649
7651
7652
7654
7655
7656
7660
7662
7664
7669
7675
7678
7679
7680
7681
7684
7688
7689
7690
7691
7695
7696
7698
7701
7702
7703
7709
7711
7713
7715
7718
7720
7727
7729
7731
7732
7733
7734
7735
7736
7743
7746
7747
7749
7750
7751
7752
7754
7755
7756
7757
7758
7760
7762
7765
7766
7767
7770
7771
7774
7775
7776
7777
7778
7779
7782
7783
7786
7789
7790
7791
7792
7793
7794
7795
7796
7797
7798
7799
7801
7803
7804
7808
7810
7811
7812
7813
7817
7818
7819
7821
7824
7827
7830
7831
7832
7833
7836
7837
7840
7841
7842
7844
7845
7846
7851
7852
7856
7857
7858
7861
7863
7864
7865
7868
7869
7871
7873
7876
7879
7880
7881
7882
7884
7886
7887
7889
7890
7891
7895
7897
7898
7899
7900
7901
7902
7908
7911
7912
7913
7915
7921
7922
7923
7924
7925
7926
7927
7928
7929
7931
7933
7934
7935
7938
7940
7945
7948
7950
7951
7953
7955
7956
7957
7959
7961
7962
7963
7965
7966
7967
7970
7975
7976
7978
7980
7981
7982
7984
7985
7986
7989
7991
7993
7998
8000
8003
8006
8010
8011
8013
8014
8016
8017
8020
8022
8023
8026
8032
8035
8036
8038
8040
8041
8042
8044
8045
8046
8047
8048
8052
8053
8056
8060
8063
8065
8066
8067
8069
8070
8071
8073
8074
8076
8077
8080
8082
8086
8087
8088
8089
8093
8095
8096
8100
8102
8105
8107
8109
8110
8111
8113
8114
8116
8118
8122
8123
8124
8125
8126
8130
8131
8132
8138
8139
8140
8142
8144
8145
8146
8148
8149
8152
8153
8154
8159
8163
8165
8167
8169
8170
8171
8173
8176
8177
8178
8179
8181
8182
8183
8187
8188
8189
8190
8192
