4096
8192
8188
8187
8186
8185
8184
8183
8182
8180
8177
8173
8172
8170
8167
8166
8164
8162
8161
8160
8159
8158
8155
8154
8153
8152
8151
8150
8147
8146
8145
8143
8139
8138
8137
8134
8133
8129
8128
8127
8126
8125
8123
8122
8120
8119
8117
8113
8112
8111
8110
8107
8106
8105
8104
8103
8102
8100
8097
8096
8092
8089
8088
8083
8076
8073
8072
8069
8067
8066
8064
8062
8061
8060
8058
8057
8056
8053
8052
8050
8049
8047
8044
8042
8036
8035
8032
8031
8030
8029
8027
8023
8021
8018
8017
8016
8014
8013
8010
8004
8001
8000
7998
7997
7994
7993
7992
7991
7990
7989
7988
7987
7986
7985
7984
7983
7982
7981
7977
7973
7971
7969
7967
7965
7964
7960
7957
7956
7950
7949
7948
7947
7943
7942
7940
7939
7938
7936
7934
7932
7931
7930
7928
7927
7926
7923
7922
7920
7919
7917
7915
7912
7909
7907
7906
7905
7903
7902
7898
7897
7895
7894
7892
7890
7889
7886
7885
7881
7877
7876
7875
7874
7873
7870
7868
7867
7862
7860
7857
7854
7852
7851
7849
7846
7845
7844
7843
7842
7841
7835
7834
7831
7828
7827
7823
7822
7818
7817
7816
7815
7812
7807
7806
7804
7803
7802
7801
7800
7799
7798
7795
7792
7788
7786
7783
7780
7778
7775
7772
7770
7768
7767
7766
7763
7761
7755
7751
7749
7741
7736
7733
7732
7731
7728
7727
7726
7723
7721
7718
7716
7715
7713
7712
7710
7709
7706
7705
7700
7699
7698
7697
7696
7695
7693
7691
7689
7686
7684
7683
7681
7673
7668
7664
7662
7660
7656
7653
7652
7651
7648
7647
7646
7645
7641
7640
7639
7638
7634
7631
7628
7627
7624
7623
7622
7621
7618
7616
7613
7609
7608
7607
7604
7599
7597
7593
7591
7589
7588
7585
7584
7582
7581
7579
7575
7573
7571
7570
7563
7562
7557
7556
7554
7553
7552
7551
7549
7542
7541
7539
7538
7536
7532
7529
7528
7526
7525
7524
7519
7516
7515
7513
7512
7510
7506
7502
7499
7497
7494
7492
7484
7482
7480
7478
7476
7475
7470
7469
7467
7464
7463
7462
7460
7459
7458
7456
7455
7453
7452
7451
7450
7448
7447
7444
7441
7437
7436
7434
7431
7430
7429
7425
7424
7422
7420
7419
7413
7412
7411
7409
7407
7404
7403
7402
7399
7397
7394
7393
7392
7391
7386
7384
7381
7380
7379
7377
7374
7370
7369
7368
7367
7365
7361
7360
7357
7355
7354
7353
7350
7347
7346
7345
7342
7337
7336
7335
7333
7328
7327
7325
7323
7321
7320
7319
7317
7315
7311
7308
7307
7306
7304
7302
7301
7300
7299
7298
7297
7296
7294
7293
7288
7287
7285
7282
7281
7280
7278
7276
7275
7273
7272
7270
7269
7268
7265
7264
7263
7260
7258
7256
7254
7253
7252
7251
7249
7247
7245
7243
7239
7238
7237
7236
7232
7231
7230
7224
7222
7221
7219
7218
7215
7214
7213
7212
7208
7207
7206
7204
7203
7202
7194
7192
7191
7189
7188
7187
7182
7181
7180
7176
7175
7174
7172
7169
7167
7166
7165
7162
7161
7157
7154
7153
7152
7149
7146
7144
7137
7134
7133
7129
7127
7123
7122
7119
7118
7116
7115
7113
7112
7110
7108
7107
7104
7103
7102
7099
7098
7095
7094
7092
7091
7090
7086
7085
7084
7083
7082
7080
7078
7077
7076
7074
7073
7068
7067
7065
7063
7061
7060
7058
7056
7051
7050
7049
7048
7047
7046
7044
7040
7038
7035
7034
7032
7029
7027
7026
7023
7021
7020
7017
7016
7015
7012
7008
7007
7004
7003
7001
7000
6998
6997
6996
6991
6990
6989
6985
6983
6982
6977
6976
6974
6972
6970
6969
6965
6962
6959
6958
6957
6955
6954
6953
6952
6950
6945
6944
6941
6940
6939
6937
6936
6933
6932
6931
6930
6927
6925
6922
6920
6918
6917
6916
6914
6913
6912
6911
6909
6907
6905
6903
6901
6900
6899
6897
6895
6892
6891
6888
6885
6884
6883
6882
6878
6876
6873
6872
6868
6867
6866
6862
6860
6859
6857
6856
6849
6848
6843
6842
6839
6838
6837
6836
6834
6832
6831
6828
6823
6819
6815
6814
6813
6812
6811
6810
6808
6807
6801
6799
6793
6789
6787
6785
6781
6779
6777
6776
6775
6773
6772
6768
6767
6766
6765
6764
6763
6762
6759
6757
6755
6753
6751
6750
6747
6745
6740
6736
6735
6734
6730
6729
6728
6724
6722
6721
6720
6719
6718
6715
6713
6710
6709
6708
6707
6706
6704
6703
6702
6700
6697
6696
6694
6693
6691
6689
6688
6687
6685
6682
6681
6680
6677
6675
6673
6672
6669
6662
6661
6656
6654
6653
6652
6649
6647
6645
6640
6639
6637
6635
6633
6632
6630
6625
6621
6619
6618
6616
6615
6608
6605
6604
6603
6602
6601
6600
6598
6597
6595
6594
6593
6592
6590
6589
6586
6583
6580
6577
6576
6575
6574
6573
6572
6571
6570
6568
6567
6564
6557
6556
6554
6553
6552
6547
6543
6542
6541
6540
6537
6534
6530
6529
6528
6525
6522
6519
6517
6514
6511
6510
6506
6505
6502
6500
6498
6495
6494
6492
6489
6483
6481
6480
6479
6478
6476
6473
6466
6465
6463
6462
6461
6460
6459
6456
6455
6454
6452
6448
6446
6444
6436
6432
6431
6430
6429
6427
6426
6425
6423
6420
6419
6417
6415
6414
6413
6412
6408
6407
6402
6400
6396
6395
6390
6386
6385
6384
6383
6382
6380
6376
6374
6373
6372
6370
6368
6366
6365
6361
6357
6356
6355
6354
6353
6352
6351
6350
6349
6347
6345
6343
6341
6340
6339
6336
6334
6333
6329
6328
6326
6324
6319
6318
6316
6315
6313
6312
6310
6309
6308
6301
6296
6294
6286
6284
6282
6278
6276
6273
6272
6270
6269
6266
6265
6260
6259
6257
6256
6255
6248
6247
6246
6244
6243
6239
6233
6230
6226
6223
6221
6220
6219
6216
6215
6214
6212
6210
6209
6207
6206
6201
6200
6199
6197
6187
6186
6180
6178
6177
6176
6175
6172
6169
6168
6167
6164
6163
6161
6159
6157
6156
6154
6152
6150
6148
6145
6143
6140
6139
6138
6137
6136
6135
6133
6132
6130
6128
6127
6126
6123
6121
6120
6117
6114
6113
6112
6111
6110
6108
6106
6105
6102
6101
6099
6098
6093
6091
6090
6088
6086
6079
6078
6077
6076
6074
6073
6069
6068
6066
6063
6062
6061
6059
6057
6054
6052
6049
6048
6047
6043
6042
6040
6038
6034
6033
6032
6030
6027
6026
6024
6023
6021
6020
6019
6018
6017
6015
6012
6011
6008
6006
6003
6002
6001
6000
5999
5997
5996
5995
5994
5986
5984
5983
5979
5978
5969
5968
5967
5965
5964
5963
5961
5960
5959
5957
5955
5954
5948
5947
5946
5945
5944
5936
5935
5929
5928
5927
5925
5922
5921
5919
5917
5916
5913
5912
5910
5909
5903
5901
5900
5898
5896
5895
5894
5893
5892
5891
5889
5888
5886
5885
5881
5879
5875
5872
5869
5868
5867
5864
5863
5860
5854
5853
5852
5851
5846
5844
5842
5841
5839
5836
5833
5830
5826
5825
5824
5820
5818
5817
5816
5814
5813
5811
5809
5808
5806
5805
5802
5800
5794
5793
5787
5786
5785
5783
5782
5780
5779
5777
5776
5775
5774
5773
5772
5769
5768
5767
5765
5762
5761
5760
5759
5757
5756
5754
5751
5750
5747
5742
5741
5740
5738
5736
5732
5729
5728
5725
5723
5721
5720
5718
5716
5715
5712
5711
5706
5705
5701
5699
5697
5696
5694
5693
5692
5691
5690
5689
5685
5678
5676
5673
5672
5671
5670
5666
5665
5664
5663
5659
5658
5656
5655
5654
5651
5650
5649
5647
5646
5645
5644
5643
5642
5639
5637
5633
5632
5630
5627
5626
5623
5622
5620
5616
5613
5612
5609
5607
5606
5600
5599
5597
5594
5591
5590
5587
5586
5584
5583
5581
5579
5577
5576
5573
5572
5569
5568
5566
5564
5559
5558
5557
5555
5554
5553
5551
5547
5546
5545
5543
5541
5540
5538
5536
5533
5530
5529
5528
5527
5526
5524
5522
5519
5518
5517
5514
5513
5512
5508
5507
5506
5504
5502
5501
5495
5494
5493
5492
5491
5488
5487
5486
5484
5483
5482
5481
5480
5476
5475
5474
5473
5472
5471
5470
5468
5467
5459
5457
5453
5452
5451
5450
5443
5442
5438
5435
5433
5426
5425
5424
5419
5417
5416
5414
5413
5412
5411
5409
5408
5407
5405
5404
5401
5400
5398
5397
5396
5394
5393
5388
5386
5384
5380
5379
5378
5375
5373
5371
5370
5369
5368
5366
5365
5362
5361
5359
5354
5352
5351
5350
5348
5346
5344
5343
5342
5341
5340
5339
5338
5337
5336
5335
5334
5333
5332
5331
5330
5326
5324
5323
5322
5319
5316
5315
5314
5313
5312
5310
5309
5307
5306
5305
5304
5303
5302
5295
5294
5293
5292
5290
5289
5288
5286
5285
5284
5283
5279
5277
5276
5275
5274
5273
5270
5269
5267
5265
5263
5260
5259
5258
5254
5253
5252
5251
5248
5246
5244
5243
5241
5240
5238
5236
5230
5228
5227
5224
5223
5222
5221
5220
5219
5217
5215
5213
5212
5209
5208
5207
5206
5205
5204
5203
5202
5201
5200
5199
5197
5194
5191
5190
5189
5187
5184
5183
5182
5181
5178
5177
5176
5173
5171
5170
5169
5163
5162
5161
5158
5157
5156
5155
5153
5150
5147
5146
5145
5144
5142
5139
5137
5135
5134
5133
5131
5130
5129
5128
5127
5120
5117
5113
5112
5111
5110
5107
5106
5104
5103
5102
5101
5100
5099
5098
5095
5094
5089
5088
5087
5085
5084
5082
5079
5078
5077
5075
5069
5068
5067
5064
5063
5062
5057
5055
5053
5052
5050
5049
5047
5046
5045
5044
5043
5042
5041
5040
5037
5035
5034
5033
5030
5028
5027
5025
5023
5020
5019
5018
5017
5014
5012
5011
5010
5009
5008
5007
5006
5004
5003
5002
5000
4998
4992
4991
4984
4980
4979
4978
4976
4970
4968
4966
4963
4960
4959
4958
4956
4955
4949
4948
4946
4944
4943
4940
4939
4938
4936
4935
4934
4931
4928
4926
4925
4924
4923
4922
4920
4917
4916
4914
4908
4904
4902
4899
4898
4897
4896
4894
4893
4887
4886
4885
4884
4883
4881
4880
4877
4873
4872
4871
4870
4868
4864
4861
4859
4858
4856
4854
4853
4850
4848
4847
4843
4840
4837
4836
4833
4832
4830
4829
4828
4827
4826
4824
4823
4820
4816
4815
4814
4813
4810
4808
4806
4798
4796
4795
4794
4793
4792
4790
4788
4787
4786
4784
4782
4781
4780
4778
4776
4774
4773
4771
4770
4765
4763
4761
4759
4758
4757
4755
4752
4751
4748
4747
4746
4741
4740
4738
4735
4733
4732
4730
4728
4727
4725
4724
4721
4720
4718
4717
4716
4715
4713
4711
4709
4708
4706
4705
4703
4702
4701
4698
4697
4695
4693
4691
4690
4689
4685
4684
4683
4678
4677
4676
4675
4673
4672
4668
4667
4665
4662
4661
4660
4659
4653
4651
4648
4647
4646
4645
4642
4641
4640
4636
4635
4633
4631
4630
4628
4626
4625
4624
4622
4619
4618
4617
4616
4615
4614
4613
4611
4609
4608
4606
4603
4602
4599
4598
4597
4595
4591
4589
4587
4586
4585
4584
4583
4581
4579
4572
4571
4570
4566
4565
4564
4561
4559
4556
4553
4552
4551
4549
4547
4546
4545
4544
4543
4541
4539
4538
4537
4535
4534
4532
4531
4530
4529
4528
4526
4524
4523
4521
4520
4519
4512
4511
4507
4504
4502
4501
4500
4497
4495
4490
4488
4487
4486
4484
4481
4479
4476
4474
4473
4472
4471
4470
4465
4457
4456
4455
4453
4451
4450
4447
4446
4445
4443
4441
4439
4438
4437
4435
4434
4433
4432
4431
4430
4425
4424
4422
4421
4419
4417
4413
4410
4406
4405
4403
4402
4401
4400
4391
4390
4388
4383
4380
4379
4378
4377
4375
4369
4367
4366
4364
4360
4358
4357
4355
4352
4348
4347
4343
4342
4341
4338
4337
4336
4335
4333
4329
4328
4327
4326
4324
4323
4321
4319
4318
4317
4316
4315
4314
4313
4309
4307
4306
4304
4300
4297
4296
4293
4289
4286
4285
4284
4283
4281
4280
4279
4278
4277
4274
4270
4269
4266
4265
4263
4262
4261
4260
4259
4258
4255
4251
4248
4246
4245
4244
4243
4242
4240
4239
4238
4237
4235
4232
4229
4224
4222
4220
4219
4217
4215
4213
4212
4210
4207
4206
4204
4200
4199
4198
4196
4195
4194
4190
4188
4183
4182
4179
4175
4174
4173
4172
4168
4165
4163
4162
4161
4157
4156
4154
4153
4151
4149
4147
4145
4142
4140
4138
4136
4134
4133
4130
4129
4128
4126
4125
4124
4123
4122
4120
4119
4118
4113
4111
4105
4104
4102
4098
4097
4096
4095
4092
4091
4090
4089
4087
4086
4085
4084
4083
4082
4076
4075
4073
4071
4070
4069
4066
4065
4062
4060
4058
4050
4048
4047
4046
4045
4040
4034
4033
4027
4023
4020
4019
4015
4012
4011
4010
4007
4006
4001
4000
3999
3998
3997
3994
3993
3988
3986
3985
3984
3982
3981
3980
3979
3978
3975
3972
3970
3966
3965
3963
3960
3958
3956
3955
3952
3951
3950
3948
3944
3942
3940
3939
3937
3936
3935
3934
3931
3930
3927
3926
3924
3920
3919
3918
3917
3915
3914
3913
3911
3904
3902
3901
3899
3898
3897
3895
3892
3890
3889
3888
3884
3883
3882
3877
3873
3872
3871
3868
3867
3866
3865
3864
3862
3860
3859
3857
3855
3854
3853
3852
3849
3848
3847
3846
3844
3843
3841
3839
3838
3836
3835
3834
3833
3832
3830
3828
3826
3825
3822
3821
3817
3816
3813
3810
3809
3807
3806
3805
3803
3802
3800
3796
3794
3793
3792
3790
3788
3787
3785
3784
3782
3780
3774
3773
3772
3768
3767
3763
3762
3760
3757
3756
3753
3747
3746
3742
3741
3740
3739
3738
3737
3735
3734
3732
3729
3726
3721
3719
3716
3715
3711
3710
3709
3708
3704
3702
3701
3700
3699
3696
3694
3691
3688
3687
3686
3685
3684
3683
3679
3671
3669
3668
3667
3666
3665
3664
3663
3662
3661
3657
3655
3653
3651
3650
3647
3646
3643
3640
3638
3637
3636
3635
3633
3632
3630
3627
3623
3620
3617
3616
3610
3607
3606
3605
3604
3603
3602
3597
3595
3594
3593
3591
3589
3587
3586
3583
3582
3576
3573
3570
3569
3566
3558
3557
3556
3551
3548
3547
3545
3544
3542
3541
3539
3538
3536
3535
3533
3530
3529
3526
3525
3521
3519
3518
3517
3516
3515
3514
3512
3511
3510
3507
3504
3502
3500
3499
3498
3496
3493
3491
3489
3488
3485
3481
3480
3479
3474
3473
3469
3468
3467
3463
3462
3460
3458
3457
3456
3453
3449
3448
3445
3444
3441
3440
3439
3437
3436
3434
3428
3427
3425
3424
3421
3420
3418
3416
3414
3413
3412
3410
3408
3407
3406
3400
3399
3398
3396
3395
3394
3393
3392
3390
3388
3387
3386
3385
3383
3382
3380
3378
3376
3375
3373
3368
3367
3365
3362
3358
3355
3354
3350
3348
3346
3345
3344
3339
3338
3337
3336
3335
3333
3332
3327
3324
3323
3322
3321
3319
3317
3314
3313
3312
3311
3310
3307
3302
3298
3296
3294
3293
3292
3289
3288
3284
3283
3282
3281
3279
3278
3277
3276
3275
3274
3273
3272
3271
3269
3267
3266
3265
3264
3262
3261
3260
3258
3254
3250
3249
3248
3247
3245
3244
3238
3237
3233
3231
3230
3229
3226
3222
3220
3219
3218
3214
3212
3209
3207
3206
3205
3204
3202
3199
3197
3192
3190
3181
3180
3179
3176
3170
3169
3167
3166
3165
3164
3163
3160
3158
3155
3153
3152
3151
3148
3147
3143
3142
3139
3138
3135
3133
3131
3130
3122
3121
3118
3116
3114
3113
3109
3105
3104
3101
3099
3098
3097
3094
3091
3087
3084
3081
3079
3078
3075
3072
3070
3063
3055
3054
3053
3050
3046
3043
3040
3039
3037
3033
3032
3031
3030
3029
3026
3023
3020
3018
3017
3016
3015
3012
3010
3009
3007
3002
3000
2999
2998
2996
2993
2992
2987
2986
2985
2981
2979
2974
2973
2971
2969
2968
2962
2958
2956
2953
2952
2951
2949
2947
2946
2945
2944
2943
2941
2936
2935
2932
2931
2930
2929
2928
2927
2925
2924
2923
2922
2919
2917
2915
2912
2911
2910
2909
2907
2906
2903
2902
2900
2898
2897
2893
2891
2886
2884
2879
2878
2877
2875
2871
2870
2869
2868
2866
2865
2860
2858
2856
2855
2852
2843
2842
2839
2838
2835
2832
2831
2830
2828
2827
2825
2824
2823
2822
2821
2820
2819
2818
2816
2815
2814
2813
2812
2809
2808
2806
2802
2801
2799
2797
2795
2793
2792
2791
2790
2789
2788
2786
2783
2779
2778
2777
2775
2774
2773
2772
2771
2766
2763
2762
2760
2759
2756
2753
2750
2749
2748
2747
2746
2745
2744
2742
2741
2739
2736
2735
2733
2732
2731
2729
2728
2727
2726
2724
2719
2717
2716
2714
2710
2706
2705
2703
2700
2699
2697
2694
2693
2692
2691
2690
2686
2685
2684
2682
2681
2678
2677
2675
2673
2671
2666
2659
2656
2655
2651
2650
2649
2648
2647
2643
2639
2638
2636
2635
2634
2633
2631
2630
2628
2627
2624
2623
2620
2619
2614
2613
2612
2611
2610
2605
2604
2603
2602
2600
2595
2592
2590
2586
2584
2581
2580
2578
2577
2576
2572
2570
2569
2567
2566
2565
2564
2563
2562
2560
2559
2557
2555
2552
2550
2549
2548
2547
2543
2542
2538
2537
2536
2534
2533
2532
2531
2530
2529
2528
2527
2525
2522
2519
2518
2516
2515
2513
2512
2509
2507
2505
2501
2500
2498
2494
2491
2490
2487
2486
2484
2483
2482
2480
2479
2476
2474
2471
2470
2469
2468
2467
2466
2465
2464
2463
2462
2460
2459
2457
2454
2453
2451
2449
2448
2446
2445
2444
2443
2441
2439
2438
2437
2435
2430
2428
2426
2423
2422
2420
2417
2415
2412
2411
2410
2409
2407
2406
2405
2403
2401
2396
2395
2394
2393
2385
2384
2383
2380
2379
2375
2372
2371
2370
2363
2362
2361
2360
2359
2357
2356
2355
2354
2352
2350
2349
2347
2344
2341
2340
2338
2337
2336
2335
2333
2331
2329
2327
2326
2325
2324
2323
2321
2318
2317
2315
2313
2312
2309
2308
2306
2305
2304
2302
2300
2295
2293
2292
2290
2289
2288
2287
2286
2285
2280
2275
2274
2273
2269
2268
2267
2263
2259
2257
2256
2254
2253
2250
2246
2242
2237
2230
2228
2226
2222
2221
2220
2219
2218
2216
2214
2210
2208
2207
2201
2199
2198
2195
2193
2192
2186
2184
2183
2182
2181
2180
2177
2176
2172
2171
2168
2166
2165
2164
2162
2161
2160
2159
2156
2155
2153
2152
2150
2145
2144
2143
2141
2139
2137
2136
2134
2133
2131
2128
2127
2125
2123
2118
2117
2115
2114
2113
2112
2111
2108
2106
2104
2103
2102
2101
2100
2099
2096
2095
2093
2089
2087
2083
2082
2079
2077
2073
2071
2069
2068
2067
2065
2064
2062
2061
2057
2055
2053
2052
2050
2049
2048
2046
2044
2043
2041
2040
2039
2038
2035
2030
2029
2026
2025
2024
2023
2022
2020
2013
2012
2009
2007
2005
2004
2002
2001
2000
1998
1996
1995
1993
1991
1990
1986
1982
1979
1978
1976
1975
1974
1971
1970
1969
1968
1967
1965
1963
1962
1960
1957
1954
1953
1948
1946
1941
1938
1936
1933
1932
1927
1921
1920
1915
1914
1912
1911
1910
1908
1907
1906
1903
1902
1901
1900
1899
1897
1896
1895
1893
1892
1887
1886
1885
1881
1880
1876
1875
1873
1872
1870
1865
1862
1858
1857
1856
1854
1850
1849
1848
1847
1846
1845
1843
1842
1839
1838
1834
1833
1832
1831
1826
1825
1821
1819
1818
1817
1813
1811
1809
1808
1807
1804
1803
1798
1797
1795
1793
1792
1791
1790
1788
1787
1784
1780
1777
1775
1774
1772
1770
1769
1766
1765
1762
1760
1754
1750
1749
1747
1746
1745
1744
1742
1741
1740
1736
1735
1734
1733
1732
1729
1727
1724
1720
1718
1717
1716
1711
1710
1709
1708
1707
1703
1702
1699
1698
1697
1695
1694
1693
1690
1688
1686
1684
1683
1682
1681
1678
1677
1676
1667
1665
1663
1662
1658
1656
1654
1653
1651
1649
1648
1645
1643
1641
1640
1637
1632
1627
1624
1623
1622
1621
1620
1619
1618
1612
1611
1609
1607
1603
1602
1601
1600
1598
1596
1593
1592
1591
1590
1589
1586
1585
1582
1580
1578
1577
1574
1573
1572
1570
1568
1564
1562
1561
1559
1557
1554
1553
1552
1550
1549
1548
1546
1545
1543
1542
1541
1536
1534
1532
1531
1530
1529
1524
1519
1516
1512
1506
1504
1501
1500
1498
1497
1495
1494
1493
1492
1488
1485
1483
1481
1477
1475
1473
1471
1470
1467
1463
1457
1456
1454
1453
1452
1451
1447
1443
1442
1439
1437
1428
1426
1425
1422
1420
1418
1415
1414
1412
1404
1402
1400
1399
1397
1392
1388
1386
1385
1382
1380
1378
1377
1376
1374
1373
1367
1366
1363
1360
1359
1357
1356
1355
1353
1352
1350
1349
1346
1345
1341
1340
1339
1337
1335
1333
1332
1329
1322
1317
1316
1313
1311
1307
1306
1305
1304
1303
1302
1298
1297
1295
1293
1289
1288
1287
1286
1284
1281
1280
1279
1278
1277
1276
1272
1271
1269
1264
1263
1262
1261
1258
1253
1249
1248
1245
1244
1243
1242
1238
1234
1233
1232
1230
1226
1225
1222
1220
1214
1213
1210
1209
1208
1207
1206
1205
1204
1200
1199
1197
1196
1195
1194
1193
1190
1187
1185
1181
1180
1179
1177
1173
1172
1171
1170
1169
1167
1166
1165
1164
1162
1161
1159
1157
1156
1155
1154
1153
1150
1149
1148
1145
1143
1142
1141
1140
1139
1137
1135
1134
1132
1129
1128
1124
1123
1122
1120
1118
1116
1115
1114
1113
1111
1110
1108
1105
1104
1102
1101
1100
1099
1098
1095
1092
1088
1087
1086
1085
1084
1083
1082
1081
1077
1076
1066
1065
1064
1063
1062
1061
1060
1059
1056
1055
1054
1052
1050
1048
1046
1042
1038
1037
1035
1034
1032
1031
1030
1029
1028
1024
1022
1019
1014
1010
1008
1007
1004
1003
1002
999
998
997
995
994
993
988
987
986
982
979
977
975
972
970
967
966
961
959
957
956
954
953
952
949
948
947
945
939
935
932
923
922
921
917
915
913
912
911
910
909
908
906
903
902
899
892
891
890
889
884
882
881
880
877
876
871
867
866
865
864
862
861
859
858
857
855
854
852
851
849
847
846
845
843
841
840
836
835
831
830
829
828
827
826
822
816
812
811
810
809
805
802
800
798
797
795
791
790
788
787
786
785
784
783
781
779
778
777
767
763
762
760
757
755
754
752
750
749
746
745
744
742
741
740
739
736
735
733
732
731
727
724
722
721
719
715
714
712
711
709
707
704
701
700
699
698
696
693
692
690
688
687
686
683
682
681
680
678
677
676
671
668
657
655
654
653
648
647
646
644
643
642
639
635
630
629
628
627
624
622
620
619
617
616
614
613
612
611
610
608
607
606
605
604
603
601
597
595
594
592
591
590
586
583
582
581
578
577
576
575
574
573
572
570
568
567
563
562
561
559
557
555
553
551
550
549
548
547
546
543
542
541
540
538
537
536
533
531
530
529
527
525
524
523
521
519
518
516
515
514
513
509
508
506
503
502
501
498
497
496
495
491
490
489
485
484
483
481
480
478
477
474
469
465
462
460
457
456
451
449
446
442
440
436
434
432
430
428
427
425
424
422
421
420
418
415
413
412
410
409
408
407
405
401
397
396
395
394
391
389
388
387
383
382
380
379
375
374
373
372
371
369
367
363
359
358
357
355
354
353
352
349
348
345
343
342
340
337
335
334
333
332
328
327
324
319
318
317
315
314
311
309
307
306
304
294
293
292
286
283
279
275
271
269
268
265
263
262
255
252
251
249
248
246
245
243
241
240
239
237
236
235
234
229
227
226
223
221
220
219
216
213
207
204
200
194
193
192
191
187
185
183
181
180
178
177
176
175
174
173
172
170
169
167
166
162
158
157
155
154
152
150
149
147
145
141
136
134
133
132
131
127
126
124
123
122
120
119
116
115
113
112
106
105
104
103
95
91
87
86
84
83
79
76
69
61
60
57
56
55
52
51
48
47
45
44
39
38
33
32
31
28
27
24
23
22
21
19
18
16
15
14
12
11
10
9
1
0
