8192
4056
1483
9925
14850
15516
7346
10291
1892
15437
2134
11412
3560
5500
5758
11888
4366
14199
9912
14755
345
15841
10082
10045
10464
13872
8731
15626
11967
7716
10625
11432
5540
6192
14431
6667
2354
14210
5940
3281
15133
11535
7368
3889
1452
7737
10724
3990
71
366
16123
10434
7897
2139
15673
3284
11347
12494
1748
12208
11215
14048
13659
7932
7036
1320
6947
7030
9304
9795
1799
9755
6203
862
9208
7982
5719
13603
4733
5031
5642
10085
3214
1236
6135
14888
9076
14925
1251
14418
10061
2861
8624
534
11343
4922
12529
4856
12210
11856
8604
3017
10735
142
8974
15331
15321
7731
10993
11017
8680
16043
11164
7881
7818
13892
8040
9234
5318
3078
12273
8612
15095
6865
14773
10728
15066
15403
8366
5274
747
7024
8487
8338
6976
1458
2100
11309
15365
9793
833
5027
3158
12753
8015
5258
1915
8434
8808
14922
15785
628
12125
4482
4314
5457
12938
13526
7749
11813
3931
10063
8458
11864
2672
14649
10795
8547
2052
2700
9979
12633
12978
433
9409
4682
4538
5677
2504
7009
189
4429
8671
8853
4076
6304
8558
4333
2680
1144
6272
6711
4500
370
13413
12588
13130
9376
13344
2673
10883
14374
3671
11736
2005
13913
16183
8600
4406
11262
16102
11396
8042
3130
9159
14805
3932
6559
1035
13726
8137
13060
9450
12269
13711
4687
14099
6089
8958
5771
2885
11600
16290
8391
10641
5574
6195
5716
6519
776
4176
645
15064
1863
15942
15325
10055
8140
6816
14670
3734
4951
12634
6036
2623
3530
1848
8774
2961
9829
286
15737
9691
8044
3885
4838
9815
2888
11605
369
9556
2273
13366
12130
9670
15909
944
1854
14960
11727
3441
3453
9084
2389
7042
8206
10509
13533
4636
12575
5327
6552
14994
11042
12909
14189
7849
12539
12701
13013
2982
2222
9294
15806
5585
13252
2850
10236
9277
2489
11141
754
8273
3036
12455
16211
1650
4154
6194
14928
1672
2594
9860
10914
11544
285
3401
885
12144
11165
14953
9189
11989
6631
12429
727
9761
10482
5041
14060
7717
12328
8945
7561
12960
12939
5472
442
10790
12604
14634
6443
1398
6066
10301
3349
5418
12354
9004
2056
5224
8565
12817
10307
2108
6125
4907
11528
1610
12047
9346
8326
12685
8900
8700
6268
1108
1582
13280
213
14579
6791
11522
3960
10782
7707
2171
2794
9096
7409
2152
10587
4693
8495
9246
8398
3718
13367
2588
11472
9350
2732
3596
5713
14476
6584
16373
5452
13473
22
9839
190
6919
2870
16360
12876
16
15990
4625
13262
5777
10890
13319
5503
5244
10357
2741
540
13320
7775
11841
3076
5895
380
11108
10756
14140
10028
12894
1727
10908
8007
7727
2753
16353
10717
14706
11778
16239
11477
12779
570
14078
1715
4110
13611
8526
661
5547
14580
16349
12447
14582
5774
13764
761
15644
3127
13227
827
15911
6471
7870
2941
14131
7956
8064
5964
6606
11594
3335
1503
2882
2978
9430
2261
5456
4395
13650
16246
1196
5533
12162
7044
9278
5346
15871
9034
11272
14498
4297
1769
12572
1702
6545
11628
5455
4794
11608
7669
11507
5663
5264
4579
823
13291
6015
4393
16098
9817
15023
2437
9476
7308
8999
7842
13161
15958
15802
15098
8058
8896
3352
13929
13756
3612
6685
8898
13631
7276
6327
3832
4755
4717
8556
2856
9511
11565
917
7195
11467
9562
6798
12297
11170
5697
4780
6705
2444
3590
11278
11627
4012
438
14970
4149
1207
14569
12628
4973
15724
667
14218
15743
7791
9757
12903
4039
5518
10787
9200
2092
10473
15499
8212
2206
11005
15832
3978
3283
2518
911
10248
5990
5430
2217
636
3210
8874
14901
3789
6306
7249
13928
7629
946
7101
3096
7501
8106
13469
7243
8062
1965
1479
15734
1455
423
1906
6668
2995
13867
4019
5820
12492
5395
15471
9989
8392
14710
6874
346
11931
2320
5499
8011
6427
12060
9995
5059
1400
15297
5781
1970
7497
8534
8260
7235
2862
4017
13160
13018
1884
14943
10490
4260
2802
9580
2037
4505
7366
7340
6930
13166
13019
9917
8184
9464
15337
6009
610
10234
9465
9836
9827
8024
587
2085
12888
16199
648
5343
3811
1681
3307
8324
2121
9334
10821
3370
1089
8885
8030
3009
3693
8741
3721
2857
6290
6376
6142
10661
6967
12184
9396
13590
7310
478
7386
836
426
15071
8954
9138
3162
2713
7251
3259
15635
6594
15223
2624
5207
4754
4917
3051
8411
10551
10962
9623
8817
9444
9748
8599
15576
3570
11990
10410
5070
7084
15391
861
1949
13977
9395
1898
9773
3814
10582
12011
2835
9564
14483
11476
5312
2792
7905
5640
12216
15259
3381
3285
2304
10463
8380
995
13703
7634
3803
15981
9193
15402
2929
7320
13620
11388
12931
10571
8736
5458
15584
12577
6723
1316
8504
11277
8740
168
7696
8052
11259
15183
7181
8433
4702
6053
11290
12946
2387
2427
15423
13379
14188
6840
16317
6721
10586
352
3181
9785
7170
14261
3163
662
9387
7937
13668
11035
15900
2097
7660
5423
8523
9612
901
11584
4890
982
9705
5955
8186
5910
14458
16377
2512
11893
13169
2181
11055
10205
6592
12255
14080
12046
14124
11222
965
9824
11496
12287
15747
14792
9187
11349
7339
7313
3197
2648
7
6191
14540
3924
4009
8715
11153
13626
15277
15512
11920
9473
3664
14547
14233
6862
2488
5985
9765
8128
5220
8437
10925
7792
15185
6506
13415
11401
11860
4977
14063
2697
1322
12168
13952
6093
845
2377
3088
16017
11431
10511
3888
4298
506
13104
5242
3228
15751
1030
11157
1603
15692
13857
13072
11944
2120
2250
6678
15641
3904
5241
1090
11760
8532
7279
11303
13922
8807
2877
5298
8294
12106
3872
12229
5150
1174
6273
14958
4409
2342
10709
13750
13814
7419
1364
13614
2880
3881
8790
8511
10965
11597
13472
9167
10361
14258
232
8848
10817
11134
915
6889
7385
10494
15853
7264
11663
2509
12661
13059
4000
4602
10711
4458
14534
12379
2797
11689
11313
9542
6806
9030
12612
11040
8491
8305
10211
3110
6326
2866
4285
12041
7878
6455
11921
4315
5664
10870
1461
6010
13238
2660
2962
8815
4841
85
9630
11935
13649
278
11631
7392
4928
4267
1753
4294
2396
14656
4955
9881
5608
5890
8588
12409
623
8614
2358
5245
6349
14050
11176
5282
8435
1974
9355
7004
3278
8123
3108
11483
4336
6740
5561
12212
4563
1139
10030
1844
11574
6588
11630
10918
11468
7469
13638
10696
1471
13901
5513
4618
11599
11604
8644
10754
1481
14972
14884
5352
12464
8008
10078
7446
2997
11679
15973
14929
4786
8514
8946
4947
14693
1994
7134
1581
11003
12855
12629
6882
1154
8895
11633
382
5744
8410
8360
7183
4714
4206
3778
14826
8875
4236
9668
4867
8825
7049
7047
15117
12672
10147
15188
9929
6331
15044
3955
12680
14548
14845
3061
16294
10730
9053
9090
3846
9775
6637
12726
10983
14352
13272
12180
15984
2231
16208
4219
10930
4695
6768
5662
6032
15303
9391
8235
12128
3087
13983
10368
9058
1990
12550
5283
6390
2945
2472
15209
3481
2061
1722
2867
7347
1432
5171
2731
1522
2968
1102
9508
12773
10591
11530
13449
10700
9162
11993
12883
8704
14652
11014
3000
7168
10678
983
9707
9151
16345
15560
13798
15332
3845
10346
9956
9950
2715
783
9177
2987
5211
11011
13179
6574
866
1457
4757
16201
10402
13868
11378
12082
8761
1768
14334
9717
11504
5917
2887
3227
9258
8931
13909
6480
12217
14042
3353
6185
1218
10530
2724
13926
7643
192
2975
7123
1761
7824
7820
16003
12926
8183
7591
9128
4332
1803
7923
9696
11500
6041
6292
5488
12751
1498
6122
1866
3764
7448
5800
5243
14030
12081
2357
846
14076
3125
11882
11524
14092
6367
3929
308
2408
3968
35
3196
14450
5268
16051
812
7080
14024
906
3056
5651
635
793
9218
9374
15653
9047
13032
15582
10424
6899
4540
4286
112
12475
14612
10382
8548
11670
5294
3717
8419
11561
13382
9183
6028
7337
13274
2897
13316
10630
9587
14381
480
206
2522
15327
10593
2552
16372
11979
11436
6269
9386
9735
2620
15009
12029
14121
1819
6477
4328
11441
12592
2384
7012
10751
6424
1654
14002
4576
6322
10209
8642
16286
1163
6323
13256
8785
3202
10799
10133
7468
2226
3855
3100
14509
15003
6734
15541
6312
4153
2553
6452
6864
8304
3840
261
14775
13120
1766
4912
8339
2341
10897
7802
11205
15107
6700
681
14414
7702
2423
15971
13823
2812
14142
4902
8502
7067
8065
1478
3475
1904
15101
7835
15821
13408
11859
8093
15228
10544
4571
11213
4600
6431
16358
1177
9659
7512
10500
11024
2332
10590
13286
1372
251
14912
1615
294
12980
9948
7046
7993
4776
14683
15159
5018
1816
2554
4074
4397
16369
13861
12916
134
2288
9238
2555
7266
3105
12899
2818
3819
11340
11239
13679
3263
14682
4124
4558
4431
5011
13564
14071
7363
3080
4880
7018
14193
711
13420
15315
1490
10536
12750
13034
1336
12434
14835
542
2301
9867
1434
15368
2874
3993
12811
13113
5860
15775
14558
6320
2950
9706
7239
15790
15728
15108
4435
3085
6133
4616
10645
8130
14771
15233
13218
14289
10758
8865
1135
5210
12143
11128
10203
6634
5109
11162
11246
12818
10375
15181
12266
5057
10197
4355
13385
12372
10111
2041
10022
15080
10287
3890
7077
1491
11147
5769
14673
13596
2340
10220
12443
7414
7741
12181
9199
10015
66
816
14535
1415
10856
6297
10396
6895
12192
15651
12823
14975
12308
10308
440
3391
843
12700
10560
9853
11732
15947
3922
1740
10911
8002
11225
13805
12694
9704
4311
12515
1060
4398
2421
8585
4422
5322
3193
14668
14467
468
12400
10601
4876
4282
4476
4069
7880
8370
1586
4004
4799
7418
6695
12340
15038
260
10719
11822
14532
14838
11047
7070
2785
3861
1776
13701
14077
7467
5948
7248
14589
11426
9620
12164
9768
4892
5184
11964
9359
4319
10840
9736
11382
1801
10101
9992
4349
14441
4360
9038
16109
1151
8888
7247
13432
4970
6747
457
8912
12480
15393
3153
14159
13193
6553
6653
5416
13394
11199
13360
14885
1771
15518
262
10980
16049
3053
14235
1138
6782
5099
11438
12941
13042
13321
359
15362
16305
13091
6180
2235
11872
4270
8361
1295
2801
10134
5733
5124
3060
9572
8830
2034
8220
7646
2544
12497
15147
6529
8630
316
12781
16261
13292
12032
7672
9991
3094
8811
12608
10455
9272
4252
3292
2126
9223
3719
11466
11353
13566
4996
7471
11470
10784
4905
14028
7032
9156
5883
1056
5265
15527
5525
7877
16321
9640
2921
6805
5046
14769
1951
14572
324
10034
8
4456
8089
11501
14804
15598
4800
2438
800
11828
14977
10090
4627
14065
15156
3365
2113
13605
8529
11092
6237
15017
13325
16069
13815
1861
13553
12390
9062
414
16236
283
4513
6064
3447
11194
14053
14435
877
1793
9281
1178
13608
13232
4442
12080
13869
5271
1735
12036
1682
706
806
4187
10319
11572
16154
15606
5824
3878
3772
10408
1231
2233
4962
4496
991
9661
10510
12098
13143
4583
509
8238
7961
4707
2098
5633
4688
4793
3183
10226
6486
14902
6915
16113
1118
2576
6975
16299
9703
7586
14665
14185
297
742
8244
7333
15839
5994
14317
8228
384
3338
14748
15833
6573
6153
11338
13046
15201
13570
16128
7093
8401
11447
2536
10765
2046
1807
3573
3145
945
4441
5653
904
12039
13937
13288
11664
110
8549
4432
2216
4378
9683
4327
13310
6949
306
5947
7809
14746
2759
3275
3670
5083
7437
14059
4141
4848
13016
745
531
6837
9514
13132
11326
1637
257
9068
4683
12481
16281
375
7461
13124
8562
15782
8497
10515
1643
8516
4564
14067
10992
2833
12877
1259
11256
6977
14316
4130
70
9365
1917
29
7839
5415
9486
289
6818
13409
785
171
14740
12356
8616
9638
6730
3816
13250
4691
16355
2869
7457
14026
13176
13462
14891
750
8802
13364
15660
8415
15631
10230
15857
12537
1377
6152
4046
14497
7981
15612
4768
304
11867
2771
10135
12077
8687
1896
10263
12240
11373
5538
9011
12796
1205
8989
8020
2679
8080
14664
1040
8638
14803
682
2318
14141
3704
16111
10707
10019
9557
14658
5111
11930
10816
69
3726
14202
13182
9783
9255
5426
13337
10656
471
5218
3605
5086
3343
14147
3865
11720
8323
16241
2653
7400
9826
8788
6221
7433
15187
7819
7632
5963
13033
1076
2900
8383
6622
12860
1228
4064
13880
13369
9645
11852
12768
8819
2569
4346
5162
3239
7341
2656
5680
6475
2179
7567
15401
10535
12307
10923
1125
15226
7568
15554
12262
6086
204
11181
9998
15139
13613
9257
9837
5278
4322
14927
16088
8697
123
1578
5624
4227
14170
14553
13094
2994
12506
14494
15166
13493
12005
12185
1883
1330
9716
14969
77
12617
10162
8842
12431
631
4985
34
4835
16156
14689
13863
14357
1979
12279
3298
1114
10970
9729
1782
11323
13969
9581
15089
6749
11708
215
949
15873
4171
6575
4771
15709
13103
1464
11994
7474
11461
2649
5846
2089
15514
13244
5984
2462
12326
5714
11829
15255
5607
1828
2503
10174
12439
9745
8603
7708
3155
520
275
11657
10937
9217
10026
14808
10246
8849
9672
1823
12678
672
3207
817
12247
5469
15479
11009
9343
4514
3797
2075
7200
2229
12630
350
658
14464
1176
16056
2561
562
9250
392
15128
13730
10938
16007
2316
1424
779
425
10430
4978
9284
7514
5204
3908
665
15134
5008
11970
677
1275
15207
11590
14951
3695
10337
4551
12600
16162
10431
14979
97
4498
14110
4226
8117
15373
1497
4006
7226
11305
13177
3128
9253
3641
10531
6945
3417
253
7174
15608
1862
3746
139
9769
11673
6696
1038
3940
1198
939
16116
8200
8812
12532
7671
3852
2719
15380
2123
9864
1659
986
11857
3520
10477
14828
4827
11465
12452
7188
657
2629
5896
9823
971
10491
13588
15299
12423
14487
1868
6285
6701
14112
8609
1760
10506
6965
12078
6648
4293
7203
12561
2379
2209
13685
3270
12358
12764
633
3268
14911
11191
3582
3322
7706
5155
14406
5665
2985
12682
243
6847
4433
6883
6341
6873
11567
3583
7161
2491
15809
13062
4580
3699
9214
9100
282
9146
7715
4849
8527
2175
14230
956
4197
3166
343
16200
13454
6457
14091
3732
10699
14536
11705
6438
12417
14700
8301
1000
14337
4091
195
6361
6824
9739
10732
9196
3636
6451
2940
16124
10383
10781
14308
14274
7724
16378
9658
16021
12438
2832
12816
6698
13191
13144
503
15665
6786
7746
3098
4661
8261
15463
3304
11059
2630
1033
5612
5422
10476
4497
11733
876
6825
1983
14847
2467
11589
10704
3745
12576
2508
4109
10714
3985
1876
14101
7710
11158
2608
16133
11523
498
11407
3230
3041
1511
6508
3238
9459
12234
9087
16252
10342
16190
8469
4192
930
13066
6330
4492
6729
10542
11688
7506
6933
3626
10539
1946
15634
11253
13075
4559
15039
10950
11644
9553
1583
11978
2485
14488
5643
4317
10067
5991
15613
6373
3366
1345
10157
8118
12414
3174
14604
399
8041
13375
7544
6184
16057
8464
10761
3205
1683
6120
12083
13404
9531
15459
2822
9077
4900
6963
8240
1548
1542
8226
3652
13824
13789
15748
1091
210
3607
10438
9382
15376
16337
8986
11695
30
8867
15032
15934
14502
8775
13582
11953
10747
868
2359
11573
7578
6022
10931
3190
4556
6149
15969
13736
15136
14621
4597
7095
8970
11578
10789
14029
5609
1752
15867
5337
11469
1281
11178
7919
5826
762
296
13635
7125
5695
4524
2362
14820
8428
13541
13056
5232
6459
2967
15163
2265
14359
94
5851
15974
9866
5005
9132
6984
10997
10000
1584
6527
6684
4425
1830
4463
12836
551
4930
5828
3646
1402
10167
6709
2443
7869
3653
3812
13273
9043
13936
4157
12028
7658
4077
12829
4290
798
120
12311
4419
7726
16332
10338
659
10404
13270
1054
4105
2638
7973
6295
1273
473
8077
11715
14015
3397
5112
12320
9690
295
5015
15589
6244
5495
15791
921
11230
1976
7163
3510
9122
16001
6614
8288
16024
14241
11865
1285
14468
578
4098
11762
10296
7768
11488
15524
5474
11242
372
5247
11103
7031
11029
9379
1839
6886
4437
9939
14844
5520
577
6803
14426
13866
15157
3898
536
12828
12301
10978
10654
11532
4592
388
5066
2641
14243
15121
5773
292
46
15551
3450
2755
2863
4388
10351
11861
10954
2892
12652
11641
12109
11333
12237
12921
15239
155
9732
15959
1663
15461
8625
16189
1569
7687
16304
11268
6938
401
9181
9688
16259
8744
16010
12048
5638
9852
9141
1045
12263
15125
1533
3442
12274
13403
13882
6350
10584
5660
2234
12322
7845
10112
7887
7154
1956
2973
4213
8608
9237
3975
8876
9978
8263
5192
9165
8887
6597
4038
10270
421
3211
7191
12798
3038
9905
5404
13030
4254
13484
14749
2466
2292
567
7794
6604
7616
8251
13974
6422
10665
14568
8543
15213
6209
5128
9959
13769
12281
12897
8029
3749
11297
9441
2685
11366
11403
2478
9282
13644
3209
9962
14737
7963
9901
4258
15122
6099
1248
10183
5887
2988
4275
8535
7236
11079
11991
4941
7804
1540
9190
11790
14027
11827
4220
5261
5161
6719
12351
293
2745
15552
15563
14735
12885
4752
2710
1249
1674
13007
1368
16019
14875
4059
14164
15738
16312
4956
7837
9617
14898
1324
2688
2798
14836
13063
6738
13572
13860
3827
5656
12930
15357
12913
12245
6670
8162
1338
323
5728
9439
4374
801
14087
14732
6996
8634
10466
208
1296
4277
7290
1731
10567
12089
13689
13777
1745
10887
3969
699
9533
791
14353
15070
5979
2447
7373
5785
10694
14120
15770
8969
11121
11677
5448
14819
8994
7546
7547
9072
12120
15678
15360
12309
3681
12790
1494
2666
4049
12010
15114
10409
10053
3375
10013
443
11451
5867
12346
10516
6296
15189
3309
6239
15447
11971
1773
12862
10689
16363
920
7390
13248
589
15529
13
11870
8432
16325
27
6074
3528
7420
15191
12645
16045
16130
1098
583
535
8765
9803
9934
9673
3948
8564
2050
4128
15580
9555
3451
9520
10888
12737
6448
2886
1585
14049
15916
9410
13718
5176
5759
3134
7528
6176
11722
5080
1910
14203
2465
869
6212
1099
4908
14295
15268
9841
13116
14396
12140
11302
7599
14358
16292
10846
10098
14401
5537
5289
32
3117
13416
3606
1775
5358
7357
13315
13682
13240
3738
13678
11019
8631
12580
9462
463
10844
2706
6758
15261
12376
3614
4535
3406
11115
3362
1707
2174
1101
6531
10809
4127
12803
2400
9393
11902
5818
14287
788
8218
10806
15862
14669
6493
8443
8771
9842
10185
2156
8421
131
4331
10955
2392
12792
9126
5370
7722
14283
10083
8144
5661
5637
15243
9786
10474
5971
12446
10559
6891
14122
7335
10294
12917
5831
5915
10370
11937
10118
6804
5254
8910
7728
842
8213
9887
4866
10947
7327
10047
2873
13607
941
6210
655
14896
9248
91
12547
9546
5240
8997
11642
16065
7060
10033
9275
12825
6833
2786
14025
15542
6664
5077
16278
5999
4735
613
3739
10949
1430
3296
3046
11566
15355
15632
3244
12831
329
9686
12343
7465
13680
11906
3731
9694
16231
2154
1080
12981
3962
11102
6681
15160
5332
3587
3373
7117
3466
8586
1877
15349
8155
68
3526
4896
5995
6113
6652
3831
14273
579
6780
4042
878
12784
6265
164
770
10710
3215
6123
15575
14423
1576
9651
4075
12651
14348
6677
8833
15374
9880
3436
8405
10244
3835
9329
7371
6995
15913
4122
546
1383
7003
2439
2821
6084
3660
2852
7563
12863
913
8694
16078
10945
14767
9513
5166
10944
10592
14657
8034
3175
1279
9544
15389
4113
11559
7190
6172
14883
4081
11933
2806
4491
10850
7631
9930
10750
6741
5527
701
4371
2211
6871
12596
8129
11486
7661
11077
10581
14223
3147
7387
10352
10604
1552
6688
14392
7966
4061
1900
9604
8099
5806
9249
14780
5172
11899
10016
9548
4201
13760
10580
12059
1467
7198
15314
12573
12990
4561
9293
10381
14554
7255
7941
10415
7145
576
2271
5141
3577
8312
8259
5350
1849
7853
15450
5014
10423
1729
5215
13665
7834
14789
8460
14322
892
4329
10927
6337
14516
4299
9232
9479
8121
13791
1465
11810
7403
9714
10495
12411
15697
13078
5088
4468
14336
3733
1287
6571
5682
2182
15386
1357
9069
8629
1250
8249
8847
4137
13045
4534
9247
2463
6538
685
12599
5125
9575
8148
7299
14364
13837
3491
13940
7201
4426
11390
128
8909
14495
3469
11064
7960
2942
2787
663
4542
16009
1559
14594
9985
3332
12705
2943
5584
8684
14809
12193
11117
10869
14576
15155
12942
2655
16295
2583
3675
13771
12085
1589
5291
13559
13945
10186
14073
242
11713
2269
5810
1441
1628
9633
15438
15005
8439
11417
10879
1302
8147
9024
6757
9963
11976
15654
7755
12579
16331
5058
11947
2829
6792
2744
7354
14533
11830
1092
9186
8085
2366
10380
2494
7822
15369
1039
12675
1606
8485
14216
10874
15861
9461
15625
15999
12002
595
3673
6672
12061
5113
15546
11743
9883
13958
9166
8291
11552
11648
159
5103
11988
14989
11785
4204
13733
15432
12167
7711
1159
3251
14578
13714
397
9808
11556
12755
13673
14086
8474
11756
4673
7515
1258
14136
1739
5629
11247
99
9185
7644
8417
15842
7146
6953
8525
977
10774
481
13916
6548
5341
6985
8834
4238
7204
14089
12275
1074
8269
4474
8568
3213
15504
4765
12100
14031
12232
9875
4819
6228
7782
5305
368
4992
12271
13807
15480
7866
13399
16126
910
9472
6663
6164
4660
3382
5063
13261
13628
1604
13943
5475
5740
7293
9876
8322
552
13624
3075
5138
2841
11410
2926
10097
11975
10834
6593
8712
12669
9981
14524
14818
15690
1950
11107
7301
9722
12875
6823
873
13127
1619
1493
81
12323
6761
10387
6744
15298
4100
2879
10169
1629
3143
7758
11529
4029
979
3662
5532
14108
15072
13642
13563
88
3266
11678
12380
10987
3138
100
12419
4276
13339
4704
4798
11394
10201
13717
12937
5756
751
182
8177
2539
12835
11286
6716
6469
15985
962
14277
7971
13972
6781
4080
7021
1214
15680
8985
222
4132
356
2067
3188
5996
5284
8839
4184
12951
4495
8429
9619
9830
15481
13180
12638
5299
12445
8813
5478
642
4428
8396
6482
16012
15935
12874
8032
2178
15258
2378
9737
6166
6029
8043
11419
11399
13392
5641
12310
8752
15510
2613
8113
14799
10533
15689
2184
4051
14479
10695
6928
10076
6255
11924
11878
2593
11110
16368
10216
3261
6465
16254
12069
1997
11051
10331
8746
6085
15761
6997
15980
5775
14880
7744
5213
11168
10919
4511
6551
13074
13989
10293
9481
15989
10207
6944
24
3321
14867
3759
11276
11198
530
860
10669
10886
10532
7381
14119
4919
12683
15366
3853
3484
9615
14866
7718
13540
1063
6515
4023
13993
4488
8925
5793
3223
9529
6718
4864
3770
14807
3594
16092
13522
14980
8000
411
14404
5897
7505
15021
3879
10275
14061
6514
14471
9236
7151
13427
16022
8751
15241
14173
14302
9778
12523
12017
7038
12068
13637
5873
5700
13948
9285
11311
14597
9662
12721
6846
13895
424
4493
511
8152
6743
14022
5587
11327
10814
12605
1318
13900
8132
7857
7087
3302
16103
10303
2616
8046
12218
1887
16255
8471
12698
10150
12242
13405
10746
1621
12966
10731
6157
8201
4484
8268
10606
12209
5287
15444
8640
8654
4057
7294
148
7679
8318
3829
2305
14642
9675
11873
16117
8490
14601
13862
1168
1786
3712
14971
11723
1015
3157
12094
10426
2845
1007
10489
11480
14695
543
6060
13599
8607
5998
7331
7259
8622
6121
86
4350
13865
3781
8996
3644
8745
4782
7349
3151
15726
10943
13204
3029
5553
15392
1962
594
4943
2565
9502
2458
6001
4918
13573
3970
4181
2
14461
2245
2514
14386
3518
1312
6450
16096
4510
12812
2338
8988
9721
10745
10483
13027
5515
4467
398
1278
13346
10868
2346
3479
4770
13811
14839
5034
580
5898
8962
12321
10057
12841
175
3706
14234
605
2371
8801
13721
2267
4241
9224
5167
2849
8590
9145
11368
1057
13910
9383
15214
124
16191
1821
9268
9591
14365
10783
9756
13029
9799
829
9576
2015
6863
14070
15977
11632
13601
4991
7454
13722
15013
5285
5904
10960
1385
4761
2637
2556
12762
1640
1895
1506
2380
1680
9624
11365
14978
12173
11314
790
1978
4055
14539
14659
14627
11550
15704
2415
14380
7617
10088
5061
4785
9125
11601
13988
609
2868
16300
11437
13224
14852
200
12944
7623
1539
9571
8179
12175
2705
12718
9306
8050
288
11538
3601
5394
597
6027
3728
2404
4517
6582
2510
3026
4394
8501
13459
4253
5466
14068
9291
6008
13499
5498
3685
12382
7330
6344
1811
7605
6485
1800
4901
1068
14259
15092
11187
5033
1750
7397
10391
6613
15982
896
8127
13939
3487
13348
8119
7376
3164
13725
318
12743
10035
1417
15291
3012
722
847
7693
7709
13439
5432
11250
7522
15364
11062
1463
6013
4536
5905
8413
2954
10322
1303
225
8017
11490
371
10123
10985
2784
15385
6400
14914
8063
704
2428
14205
6342
5974
11571
14685
13380
16075
6835
2344
4152
6707
6409
11405
634
15753
14363
15372
12982
4301
138
11052
6913
4619
5686
2375
13729
11418
7140
7633
5559
6521
1179
3408
9966
4136
10379
15249
9261
4408
1558
8759
107
3195
7983
6207
775
4423
7029
15569
8764
14104
2681
5402
11369
1145
1260
960
3040
4121
14957
15339
1291
14192
5548
6647
3313
1153
9577
1941
651
16380
13560
5699
4123
7221
10991
3501
3589
9872
6011
6769
4746
1544
13388
12065
9621
4168
14644
4527
15052
10718
3787
6687
10419
11175
9504
5993
4217
3569
826
15624
13498
2773
15688
11704
4284
1701
7732
8390
7579
1508
16366
10961
14834
8693
10243
10690
9840
12460
1927
11666
1213
9724
12286
3222
5911
686
8150
8331
13083
10326
2024
14531
234
14694
11149
2258
1075
961
6910
13185
11655
12015
15144
4608
8719
185
9538
14367
9188
7673
5117
3504
9750
3149
1501
3651
14625
13615
15083
767
3926
116
5519
268
15073
884
12727
13504
7871
12285
6162
5152
15197
7666
1713
4773
13025
10077
11831
126
9920
3592
3716
14709
12324
1126
4471
5636
5531
12459
10468
13276
16165
9566
1878
13441
15422
729
311
5375
3240
7642
10481
10616
4626
12021
13140
16303
12498
7962
1596
4377
6106
9846
14830
2760
1222
7833
2397
5975
8399
2557
5200
4545
13035
14611
4715
7844
9521
3082
13645
5954
2612
3937
12453
10819
10214
14763
13849
4650
6512
12746
13343
3604
2246
671
3913
5597
5803
9851
4888
4044
11114
12410
834
3951
4634
4887
7621
1806
9195
7601
15693
1111
8542
11203
1514
7233
489
14806
2615
4843
15054
6815
9639
1513
2220
5233
9301
1802
5792
3912
4810
14355
361
16264
4330
12834
8188
1428
11192
12804
15149
8070
12815
8463
259
4653
13012
3028
702
8004
2559
5543
6839
7071
11752
15225
3756
14525
10256
4950
8561
13919
338
12383
10541
875
4818
11084
16334
7436
10200
1459
1204
9931
3458
377
15238
12394
2808
5745
4952
10623
3915
8189
122
4932
7571
15316
6712
12300
9401
13709
10068
5670
1890
8379
15823
1183
6969
11674
15577
13183
13306
2047
11694
9595
6046
9996
7208
3405
5351
899
14195
2497
15265
212
2153
13946
5836
7865
9417
8209
5778
3672
3412
3506
794
13893
16204
16040
11499
10613
7210
9997
5252
12554
13788
2740
12851
9352
13716
15427
7016
6395
8219
15503
10237
9367
10912
2563
10999
7466
7395
16064
7600
16142
4925
7053
9176
14798
8454
705
9752
5783
12403
6095
6252
8402
14062
10575
2598
13951
15643
9119
15087
13934
15186
14722
4065
1684
2068
13757
15648
5908
11269
1795
1433
14342
9364
9428
15661
969
7851
5069
15950
2076
1129
3032
12378
1985
11635
6371
5231
3454
7863
1485
6746
10284
5130
15256
14647
9788
2934
9897
11112
14349
5010
4939
3426
15096
6070
9390
3547
11118
10742
4372
14248
9957
4278
6387
1036
12560
13585
3760
5968
13964
9356
1664
2432
16213
632
8655
15836
5219
5789
298
11274
14974
3314
181
16316
7533
13662
15253
11823
11805
2314
9654
12312
13181
3374
12962
9609
3666
8097
7398
8729
2335
12959
13768
1835
16016
5246
5427
2711
7855
13492
12249
6742
1675
771
14447
5392
11503
12563
5541
12244
7422
2399
13949
8976
14395
4084
4596
8292
14132
8372
11160
93
11267
6666
8387
13819
4775
5598
12466
5470
9273
13041
12283
7985
12119
9020
4689
1264
4722
11616
6513
2520
10666
13374
11097
7589
4804
13247
15710
3522
3546
8265
2066
11551
7620
41
3523
11934
7152
6669
4562
13483
4018
6820
664
12660
15040
15227
12159
7598
9625
6656
3679
9896
11821
11387
2523
7933
15742
6174
15308
12844
3462
14944
8949
5344
12794
9036
6828
2189
9228
13153
10851
7786
13576
5078
3576
3482
15590
1813
7556
9109
14310
9230
12211
16023
11241
11983
12148
6186
7508
12225
4013
14097
4565
6167
4604
3025
2059
15102
13431
1623
1160
12967
7527
14745
1387
9569
14691
13978
6733
3555
5907
12670
11007
14200
7988
13390
723
11086
5812
1230
4904
10075
15014
3631
10597
4975
7054
14428
4174
14478
2087
893
7550
9634
10146
4405
13117
6558
4699
13494
12200
4758
14823
10811
3692
15961
13655
9094
16194
7147
13123
11200
3142
1422
8484
12220
14690
12780
1783
4854
6138
10770
2326
8422
4832
8327
9115
5189
5581
5655
7388
4073
517
10141
13821
5801
13076
2927
12838
6363
5735
19
7557
9712
1502
3488
3798
7192
10125
5177
13646
6114
13510
7126
11553
5093
11263
14985
11261
5473
1017
13779
13507
12520
16168
4048
14766
9924
12847
10546
12581
16262
3619
2062
5179
4078
16308
13036
491
15012
6458
2388
12236
6382
7699
462
14937
8686
14949
10184
8726
714
5738
9951
15170
15195
8125
2441
14635
2093
4990
1220
13219
3004
6235
7894
1413
6980
15849
11319
8860
4010
5380
1229
1013
16217
13418
14719
1446
2516
14168
4400
9160
12681
2253
12594
1986
6275
15508
4216
332
7979
15768
8303
10595
4823
1632
15371
2958
5903
10049
13397
6173
14964
5139
9796
1520
7879
15698
6517
10553
5606
6998
15468
8619
953
6533
11296
7441
12303
1824
13142
13905
8936
9814
8528
4724
1299
10288
5931
13151
14009
12943
14574
4948
15470
1622
1290
12030
2782
15276
6090
548
5295
3972
11430
8342
11776
15954
15852
6222
11709
1846
3404
11182
8060
12747
8577
5314
11968
14947
13578
10151
310
6352
3253
3919
10566
13318
16256
13965
13199
3485
16025
9323
11658
15130
10624
2140
15895
11402
9191
12258
4924
7927
9259
13527
10646
9099
14559
6814
1565
14338
10892
3054
4480
897
1929
13308
11073
637
12935
12869
2374
11791
1199
6673
547
15795
14788
880
16091
4183
8840
8816
249
4806
11547
11400
2652
2212
508
5935
16077
11591
217
9811
11453
16370
4929
2720
7900
8701
15767
14781
14474
2163
11938
11075
10102
12786
15932
4367
12486
11363
10429
4459
781
3780
12512
2468
11346
2499
7967
10798
14861
10066
3377
11911
7657
1697
9478
9035
15034
2255
74
15493
13660
15756
9044
10213
7312
16002
1881
13323
12711
736
11897
7428
14563
10755
11209
11942
3540
2028
660
9713
1931
10403
5149
14082
4911
3194
12754
11793
4102
895
1269
15419
591
5110
3106
14654
6103
14373
18
14955
7583
4870
5364
2127
12359
5239
11307
8673
13515
10588
4915
12789
9628
1963
339
8596
14603
12866
11966
3289
8310
2654
4656
11265
9406
9906
4462
5591
980
7922
2693
6609
8618
12214
6764
15418
1120
14123
4199
403
1703
8237
12508
1897
12914
4235
14931
8027
7808
7234
8049
8661
8569
5757
12449
7473
15363
6293
8286
3571
1519
1332
8758
10113
3635
13676
10807
7520
7280
7417
14622
1858
8923
1395
10089
1921
3947
14672
1042
7258
14339
1865
6736
7509
15343
2334
4490
12190
6460
1504
6033
490
9539
5644
12226
149
8394
15140
3710
4531
5324
3563
2469
7051
15033
5737
11478
1195
14961
13907
6866
7356
5017
15532
3342
10668
4268
11260
15319
6202
3782
13058
14255
10219
4384
810
2814
2506
15930
309
12433
495
4202
10210
15720
9525
16218
8377
5590
10120
15212
4414
586
1421
13205
9806
1711
12545
11015
12424
10651
5372
13797
11294
2106
5567
7416
10059
7582
6992
1358
14787
1685
2051
8862
9103
6750
1633
15669
3216
14681
9482
272
14143
6636
5056
5508
8143
15346
8872
10893
6773
10058
2260
1639
4079
10084
16008
12384
14138
7143
9222
1809
2843
13609
2661
10854
14491
10508
13745
7079
2611
607
15434
15711
8173
405
6563
5331
15077
2249
8620
9560
10196
11847
13196
109
1749
4898
11078
11133
11316
6760
907
169
2103
5576
7874
7615
4588
13265
13529
12027
12179
4822
12924
11439
7681
3882
3559
8274
4521
12626
15001
11513
15592
1814
15399
6879
15266
6081
3617
2398
11910
9523
7288
11826
15810
684
341
7252
13520
13858
1575
5580
16297
13556
707
13436
6248
7041
6569
11623
11416
4897
9665
7351
1371
11171
10906
760
14546
13523
16026
12722
10458
2566
8498
2617
14916
1019
11139
737
10302
1955
6751
11850
4909
10325
2391
8648
2633
6639
8161
15869
7261
1620
4457
3536
6208
9935
15200
13719
10069
12250
13830
13675
1053
1669
11803
4169
12408
713
10981
7160
5
5396
3535
2470
6809
13810
3996
2274
2040
3615
1190
12882
15051
8628
4899
3007
16296
6470
7760
4664
8677
1010
5791
4449
6399
1712
6389
38
11836
13591
5321
3336
13299
9760
3325
14645
14762
12348
4143
2580
5679
4022
5465
6031
16066
4451
15642
1487
2112
11651
9590
3956
2363
14593
7305
844
6907
13594
5132
291
4615
11095
2990
3668
1933
12720
9941
894
14577
8069
4797
15295
2530
8395
9622
1310
14417
7008
8772
13790
8211
16170
1488
9088
16146
1404
11427
882
9245
11969
3104
3748
15616
237
2823
15923
13912
10217
14288
9500
2285
13171
11281
6118
11963
4030
3006
7850
10881
8822
5100
15011
12115
15485
5542
1618
9984
4980
9226
7037
1953
7608
14324
14872
8321
7606
101
11637
7537
16054
16181
851
6315
585
374
2094
13690
6689
15086
11317
16081
12503
15100
12870
2898
9059
9503
15198
8777
15526
4940
11735
2283
14167
12170
13587
14331
8871
9171
4862
7603
4860
988
14257
7944
15813
1630
927
1743
4995
10044
6568
5408
1516
6641
16099
7906
5870
14362
8670
14923
12099
1790
7994
10343
5214
16186
11406
6328
3288
3390
2290
9348
518
7797
5871
6088
15535
2312
11482
4663
16094
5029
449
8899
13544
17
7720
6510
5711
5301
3586
2355
10027
5605
8170
4914
15282
7784
850
12493
8285
16361
3428
5816
11457
4694
2011
11625
14278
7329
10222
12902
4516
2791
3808
6790
13189
4156
1103
15037
488
3095
7407
16184
9449
10315
14973
1282
14227
8727
8810
4447
1466
15350
9270
15424
8796
6785
4701
10178
2825
6649
12557
10267
9264
13290
6420
15284
8171
8708
9804
14390
8001
12940
2214
3842
7107
830
3545
363
2185
10603
3300
2846
13706
2854
3241
695
2333
6473
12194
2376
9225
4210
10818
10144
6535
8500
3623
6386
12830
12507
2739
2919
16106
15397
12133
5487
2765
7284
4647
12546
2778
12334
331
14100
614
11232
6456
2984
5799
3358
14462
14990
14153
2148
5410
15758
12196
15394
12603
16343
6463
8246
3622
10803
4550
4257
5845
9163
3786
10359
5169
5687
3262
13752
14650
9635
16082
2481
9767
15230
3179
8587
2009
11362
2395
10649
14620
6112
7668
6528
10824
2298
10910
2194
6143
362
6544
3392
3464
2909
2541
14871
8632
12543
45
1728
1342
15593
1315
10847
11816
525
11763
7205
670
4162
1571
6393
14111
11992
136
9360
8225
2239
4196
14982
5454
5445
12950
11028
12742
15707
9932
557
13950
11336
2722
7624
1403
7241
12679
6532
1695
12957
4058
8864
2225
13562
6042
3319
13081
16143
4836
393
14897
13653
5794
5571
1924
13713
12891
10618
5528
1968
9263
10778
8216
15705
4486
10777
13961
2964
4560
2643
3351
6317
5702
10608
13490
2776
6049
12012
6579
13968
12843
933
9404
7404
16282
11718
725
5461
4719
12096
5450
11656
2703
5573
13038
12141
5390
5666
12329
3231
10137
2820
9528
4421
796
15717
7196
13004
9586
1470
3150
11167
4959
12365
6787
10753
1825
10156
16185
6959
6602
3567
3499
8376
8827
11812
4272
10538
2568
15640
3118
6316
6968
16210
4658
14
1644
15320
1085
3667
1235
15599
7272
4553
14633
3669
2208
6834
13425
37
15765
11025
10505
3077
2562
690
15881
9380
6643
5675
2449
4263
15918
2296
4067
5165
1789
6906
4024
3688
3498
11799
9725
10324
6357
11428
8452
7607
3698
6353
16147
6467
15858
3403
5108
9684
14833
7930
841
15387
8835
6302
14443
6388
7581
8540
6359
1221
1613
1094
9543
9212
13455
15666
8248
10766
5659
2770
4725
12948
4142
9589
3810
16228
11542
11784
3476
1444
10371
3896
11855
6414
4569
9798
6187
16354
5823
11531
2122
4739
3735
1162
11866
14190
3598
7968
16375
4292
3820
9582
13146
4833
14350
10802
3086
16014
14814
4008
241
8414
13015
6650
13692
3649
6225
12832
9203
7987
13623
1333
1
7663
12533
7588
13920
9873
8350
5962
7929
3613
7798
12155
3146
14537
7164
14678
4234
6318
7048
10964
9687
10626
13999
111
4203
1247
10271
4320
10946
8061
6496
10524
5180
8979
4648
12996
1626
9910
15174
9565
16048
14956
13340
4700
9663
1043
3015
11228
5723
13986
10529
6067
9322
16073
6562
10253
10300
1668
6710
2558
1579
13221
7980
8947
11685
14607
1852
3186
10056
4159
11318
1356
4680
13770
3419
11130
16140
13011
15278
11442
7064
1186
12228
11056
1123
1412
6556
14182
9002
6464
12676
13803
11819
5704
8653
5249
10679
14608
13275
9419
13178
13720
5657
883
669
3330
867
12473
10941
270
16318
7342
12822
13838
11871
7406
15588
6440
11257
7225
4041
3206
95
6069
5381
1857
3333
9239
6309
2101
15657
54
13600
4533
5967
10195
3554
9003
6298
8009
8545
1912
12374
412
6447
3982
13656
3942
7257
8255
10830
10764
10849
9655
12521
14703
5847
14567
7593
16215
549
7931
13751
8333
12998
10192
2507
4434
12146
14181
6640
12199
9440
14968
11974
11593
4779
2682
9526
717
10779
1353
2413
8276
2169
13186
15957
6576
12997
1344
10504
14677
15672
10007
12265
13636
1084
4935
11026
764
11984
10698
9680
8472
4740
8734
14575
1414
10100
3722
14617
12692
2474
1050
1792
11093
5560
11131
1209
12006
1886
673
9913
4016
9210
6150
13450
4582
5401
3247
9375
6215
5371
183
8955
10622
9451
13617
1882
11489
12292
12215
15173
80
15106
9112
11271
3468
5411
881
8054
8709
14439
10096
10413
3976
10002
15523
3784
15972
7543
8721
12238
10831
2664
13361
2714
9466
7057
8576
6260
7664
5442
4989
218
2132
10561
333
2099
6025
10154
16148
5237
11786
12673
4466
1182
6491
10328
8531
8794
12856
2665
15063
13672
9484
3114
11927
14899
319
13629
4453
2268
1562
15652
7972
12911
14952
14501
14680
5304
9567
10378
2322
13356
11220
13000
11471
16034
11854
135
12000
2303
2277
5814
2659
11514
2824
10988
14779
1591
3744
15798
12009
2364
11351
3839
11150
7141
11863
10479
8584
3761
10891
8552
999
7113
2573
16342
8373
10682
10266
6245
8503
1691
12714
16114
14882
8316
533
16144
6541
6073
11711
3696
10127
11143
5075
1667
12915
63
9636
10932
219
15097
14268
15049
365
3914
3265
9937
2694
4347
3415
4814
5263
2064
8767
14382
6812
4881
9926
6
7815
3989
15670
1132
10006
10176
10041
15388
13686
3899
14590
4200
2135
1418
314
7536
10858
12635
9679
11954
1087
8051
10349
6625
5049
4296
646
14472
15876
1486
1067
1242
2204
2193
4871
6868
11184
15115
5619
13028
4589
4802
4894
14984
12147
12350
3356
9599
10633
11463
12399
5185
8873
3897
12191
7369
13619
12364
1634
11596
8425
6927
4144
1549
9033
7667
9175
14518
15002
1547
12668
8533
1612
4575
1666
5912
7625
6599
12637
11546
15908
5838
7083
10092
932
15719
10345
4229
9653
11869
12458
3804
11044
9563
14636
5599
12254
7222
7402
4895
15347
11914
6276
6324
3387
10547
14715
9644
6884
9810
1476
6979
5876
2971
4120
1992
4348
12952
11127
3572
494
8795
10648
13133
9452
9588
10493
12541
2151
1798
3999
12224
7321
7655
13697
11332
1599
4365
8551
9915
10363
8176
13005
2218
6080
8447
13353
2049
16084
10418
7450
5230
3901
4577
6522
5914
13134
9242
13480
1373
1573
10642
9260
8264
9139
13669
2405
8519
5013
12176
5451
8247
12131
584
9148
14824
14623
8023
1274
8959
6536
12391
8033
6607
9483
3608
7124
6547
7590
13502
13904
694
7045
16258
808
5302
12097
436
12118
8789
10708
3232
11645
12479
3070
9701
10155
7622
12649
20
6300
14800
4539
499
15650
7942
166
9469
748
147
14734
12717
1885
6169
7343
10335
10414
5493
14813
15892
13271
11843
7803
4444
55
1210
6336
8611
5159
3448
9453
13955
1113
4657
13558
8100
15789
8345
15919
8289
6287
6097
3440
15579
3229
8747
11082
9123
6922
6206
11060
10860
8884
13518
2484
4356
5926
5730
244
12387
13158
11714
12775
14747
360
10032
4232
13967
9838
6970
10012
3920
11744
568
12166
9050
301
4312
1817
13327
9457
11413
11849
9338
1397
1515
418
5062
11808
10264
12977
13043
11996
6037
3396
12919
2527
7212
14948
2840
9054
4387
3838
11883
8735
6490
8139
8006
14242
11273
12987
5568
13864
11536
13456
11540
16212
7488
4846
11925
6586
1555
7562
14605
11392
7250
2435
6600
5188
14225
13119
14459
2191
13139
6902
11696
16323
14723
2936
3264
4302
15469
11643
693
13202
619
6397
5645
6605
15171
16120
13481
9116
14415
9037
461
10523
4690
581
6505
1317
15027
7493
500
9496
11161
1171
4858
1492
12243
72
5795
9800
5986
7098
15466
4233
13137
13002
10605
3507
7105
10496
2550
6047
14297
4223
16223
4530
14420
1407
5668
11324
11254
14889
12341
11435
4639
3212
13688
7769
11088
12107
730
2930
2781
9751
381
7481
15176
4478
15440
7167
5544
7531
3643
7898
299
16283
1170
3638
5206
3943
1277
14056
7954
2311
6280
15208
15407
13772
11881
83
3981
15059
16221
7653
4473
11660
11452
2368
7238
13465
145
15309
656
1952
11929
3983
13621
11335
13020
12252
13440
6351
738
5988
3539
2858
11201
9124
13468
8672
14503
3344
769
11444
11707
1926
900
6432
13512
5281
1306
15354
12257
3843
13881
9422
12729
15492
1742
10543
9700
52
7891
14473
11375
11706
2728
1443
15378
6937
7059
7158
9079
9660
10373
3509
5340
7325
1309
14286
7410
12564
6554
5589
6662
16039
14908
4847
9475
16036
9256
8343
6797
5406
2668
4937
1326
13808
10175
11495
4857
6516
4195
475
13657
2425
10657
9974
4487
13879
14573
12280
7771
11698
10329
2039
16276
15522
2839
11654
4834
558
2131
305
3533
14330
12881
2006
11958
4821
10920
7570
5658
4036
11189
6943
14079
12389
15595
1796
4963
11951
12905
6546
12842
1815
6960
3678
8942
4108
539
2912
8403
13079
8814
7762
2960
7088
6772
10432
6347
9982
5786
6836
5725
16167
14720
13525
8581
15910
521
6131
2687
15879
16329
6134
13888
13970
6264
6305
4470
7873
6704
4321
15203
6635
6788
16158
4769
11667
9831
4225
11379
14550
13168
15830
2775
12514
10982
6645
14409
6401
4869
5614
2327
13294
7106
14609
14343
10812
13457
4809
9369
13581
13593
3434
13517
12757
5447
3073
15951
3395
8436
4097
201
11615
4339
13047
5477
2783
14344
1265
9467
10240
6426
12535
2429
5428
12740
14440
14304
15257
11337
3409
434
5933
5464
9643
1223
15820
13363
987
12342
4934
13618
1901
10115
14335
8257
9812
4574
6213
7670
15835
5922
11621
408
1512
16060
12972
6428
5819
12989
12663
5565
15674
15015
11434
7984
1319
5879
14628
7730
11892
9585
6905
10926
1140
12871
7938
15545
1008
14275
5748
2471
2014
5909
8088
4784
2149
8852
12671
2992
4363
13962
3014
5848
15995
15519
12035
6358
9016
8110
12606
108
228
2035
13491
3686
12613
5107
12174
12922
7237
16164
2436
10498
9197
15730
9967
7950
2177
7530
13959
11132
13927
2150
15396
4306
14177
5481
1655
4249
12516
6249
59
3432
15929
4193
5054
13383
4547
10548
4581
8658
6590
8904
11895
8141
3776
7256
12872
12362
10095
2146
2645
13300
10229
6694
8804
4359
12270
2272
9943
8016
5972
3267
5834
13009
15317
10223
8522
1021
14209
1706
6676
9833
313
8714
5924
14388
2800
2957
3891
11510
12278
15986
2328
6436
9229
6534
7156
14282
2547
474
5127
5550
14007
1838
10773
7934
8356
7767
14215
248
6598
12268
3624
12293
14125
8133
15478
6603
6266
4439
10471
10160
7580
622
13992
16203
10859
1119
1879
6360
6671
12641
12314
3044
9431
12609
1980
11997
13735
3877
5208
11473
8082
4244
1935
6872
437
602
12802
10996
15779
10179
6100
9578
6991
5628
1794
15794
7587
5566
3730
3021
7452
13378
9015
16270
15312
48
14262
13521
9055
4859
11932
7652
13263
13138
9086
1143
7353
13226
947
3551
7401
2244
15778
13243
14950
1361
9632
1105
7438
5893
5225
7566
2699
3880
8073
5742
16288
4631
4526
7691
4112
5223
12620
10620
3312
14126
871
11423
6217
11404
10060
3642
14903
4685
8185
3946
8617
6355
12932
9857
14360
4593
1216
11177
11639
9570
5751
9368
12684
9603
15446
8850
5804
10635
12522
14148
976
3505
6732
15352
10776
15771
9666
8592
2143
5151
9820
9813
10905
7908
8408
3925
8103
620
10526
6433
1736
11146
5861
3329
4212
824
7177
12305
6717
13129
8468
6626
4674
9129
716
1133
7464
14712
13026
12336
2914
11022
5530
10655
13854
7171
9550
207
8977
14724
7712
5036
1526
13289
7830
11037
11884
7011
11986
3047
14868
11766
12289
6844
11922
1009
2307
4741
9903
13061
238
10353
16027
12625
6931
5539
4188
5437
13748
2717
4845
3805
7132
3066
13632
1700
2232
15574
7545
6484
11607
14229
11789
2809
11613
5409
11006
5421
2042
11144
7575
1253
13430
6038
9333
8993
8698
2310
6796
9832
5864
5446
8299
1238
13643
8279
15540
6183
407
9613
12296
2647
9442
10658
4464
14072
12490
15244
2203
1003
4507
14614
15053
1394
9205
9821
10344
12976
3354
15628
7862
14892
5718
7914
7133
9172
1730
12349
3438
4748
2162
16042
565
13258
16274
9311
3796
12644
2601
2483
2116
9010
5094
11676
379
5383
13930
6243
12444
3019
4334
1224
11229
8488
13855
13371
6753
14208
7348
284
9240
501
3159
1321
3137
14591
13391
6659
5634
10966
2628
6301
14150
3364
5950
12491
6852
10130
6079
456
13453
1720
7193
9678
7344
6098
4164
14764
7939
8022
7694
13740
15899
15464
4669
2251
4508
4155
13782
6813
8367
3217
11474
6130
16374
13080
10281
4483
14997
3793
2865
11104
8368
11580
16350
1203
16172
11558
13776
15725
13947
9987
10866
11564
390
2385
3022
11287
6618
12890
133
15941
10518
8557
10215
9515
1649
15822
12725
10478
14169
2452
4684
7139
6404
7781
6583
4518
10934
7920
16234
11941
2815
3918
2315
3858
9317
13938
12936
11650
11844
3297
4760
2702
7635
6127
11372
4104
14742
8445
7685
2571
14055
14222
3580
1855
10428
4246
11446
7269
8913
3809
8149
9095
2270
11459
6693
13136
13826
4971
5386
12318
15735
2917
5721
8232
5894
12752
3830
15245
4
6412
14517
2230
14754
5731
7940
12025
335
7925
15267
11626
14475
15196
13322
12614
1779
12441
1718
2596
12437
6338
2294
12149
5300
1194
1149
13235
8134
1027
14698
3864
9014
11
588
3039
3513
3083
4390
13423
4705
12
3541
4445
429
4291
16121
2658
3958
2515
3755
8948
7186
1911
11433
10545
13884
6200
4883
5216
3515
7274
9009
12044
1696
13268
6691
15877
8866
2021
12910
15330
10569
1058
12111
15966
9493
4698
8325
3389
4005
13470
11955
10681
4003
12650
668
9648
9877
1267
8717
15614
9127
140
16013
8877
6487
13724
2884
15562
10942
4416
14869
3119
9445
13086
6679
935
355
1261
4148
10788
14463
7665
2329
7097
14815
3115
6446
10259
2543
9600
8917
5552
7774
13324
15184
879
9022
6159
15557
3112
8707
6101
600
11364
8856
12686
7569
15511
11557
10393
15601
5131
14017
15221
6140
6058
11101
2382
3290
3102
7022
12985
6572
4949
15043
5817
3334
14705
13812
10116
1337
6261
11913
420
14918
6211
8424
16139
7396
5906
13876
2402
2925
2931
4472
8236
6148
8574
4549
8998
11129
7682
832
10003
2264
14449
5592
11649
5497
9385
10274
9287
9216
3132
14368
8280
12555
5683
3750
4326
10990
15442
7778
1804
12261
5377
2640
13734
9170
11753
5856
9400
563
5292
3992
5023
2205
4370
11754
247
5779
2738
2963
16232
2167
9118
8901
8911
255
173
7475
7483
3456
1657
15776
3192
15766
8987
16352
16309
6016
14913
14615
6377
9999
15270
14757
11226
10792
13575
2027
231
1329
12769
4655
1726
10517
42
14919
11186
3063
1759
10936
3687
4603
3708
1984
10189
5760
9547
2495
11747
6713
7034
7516
1037
13434
15676
12474
15110
5594
9758
782
13530
5071
15846
160
11851
11610
1973
9357
9028
13257
9971
9958
2551
12765
14945
1325
4179
11039
2242
11832
12929
16247
7499
12385
2996
3650
9720
7704
9593
4772
7055
1894
16326
15597
4266
5025
4391
10585
2651
9890
10726
11769
12138
630
14256
3936
10556
10680
14543
2254
8879
6466
13924
14761
8799
8779
9168
15235
15883
9131
9781
4369
3097
3050
4613
1738
4438
13443
3172
15600
16244
10683
15828
5952
639
5796
8164
7852
8932
13545
1305
16000
2424
205
5146
13211
4037
15587
9509
14832
820
8897
7610
7690
10705
6901
12961
4095
4815
12958
15963
11662
4242
10020
10014
9201
15400
12117
16333
6494
12221
8156
10989
14507
15617
6507
8181
5784
12471
4923
14641
2692
1442
