8192
0
1
3
7
9
11
12
14
17
20
25
27
30
31
35
37
38
41
43
44
45
46
47
48
51
52
55
56
58
59
61
63
64
69
71
72
73
75
76
81
82
83
85
86
89
90
93
94
95
96
97
99
100
101
102
103
104
107
109
110
111
113
117
118
121
122
124
127
128
132
139
143
144
146
150
152
153
155
161
163
164
166
168
170
171
173
175
178
180
185
186
191
197
200
202
205
208
209
210
211
213
215
218
219
220
222
224
225
226
227
228
229
231
236
239
243
246
249
251
252
253
254
256
257
258
259
266
268
270
272
273
276
279
282
283
287
288
291
294
296
297
299
300
301
302
304
305
306
307
309
310
314
316
319
323
327
329
332
334
335
336
337
338
340
341
342
343
345
346
347
348
350
355
361
363
366
367
368
371
372
374
376
378
380
383
384
385
386
387
389
392
395
401
403
404
408
409
412
413
414
415
416
418
419
420
421
424
426
429
430
432
434
435
438
442
444
446
447
448
450
452
454
455
456
457
460
462
463
464
465
466
468
469
471
472
478
479
480
481
482
483
484
486
487
490
492
493
497
498
499
504
506
507
508
509
510
512
513
515
516
517
519
521
524
525
526
527
528
529
531
533
534
537
538
540
541
542
549
550
551
561
562
563
565
569
570
571
572
573
576
579
583
584
585
590
591
594
595
598
599
600
601
602
604
605
607
609
610
611
612
613
614
621
622
624
625
627
629
630
632
635
637
638
640
641
643
646
648
649
650
652
654
659
661
662
663
665
670
673
676
677
678
680
681
684
685
686
687
689
692
694
695
696
698
699
702
703
704
708
712
714
716
718
721
723
724
725
727
728
730
732
733
734
735
738
742
744
745
748
749
750
752
753
754
755
756
760
762
764
766
768
769
772
778
779
780
781
782
784
786
787
792
793
794
796
798
800
802
804
809
812
814
815
817
819
820
822
826
828
829
830
831
833
835
837
838
839
840
841
842
843
844
848
851
852
854
856
857
858
859
862
863
864
866
868
869
880
883
885
889
890
891
893
896
900
902
903
904
907
909
911
916
918
919
920
924
925
926
930
931
933
934
935
937
939
940
942
946
947
952
953
955
957
959
960
961
962
963
965
968
970
973
974
975
977
980
981
985
986
987
988
989
990
997
1000
1004
1007
1008
1009
1016
1017
1018
1022
1023
1024
1026
1028
1029
1030
1031
1032
1033
1035
1037
1038
1041
1045
1049
1050
1052
1055
1058
1060
1062
1063
1064
1065
1066
1071
1072
1073
1075
1076
1078
1083
1085
1087
1090
1091
1092
1095
1096
1097
1099
1100
1101
1104
1105
1111
1113
1115
1116
1117
1120
1121
1126
1133
1135
1136
1139
1141
1142
1144
1146
1147
1148
1150
1151
1152
1154
1155
1161
1163
1164
1165
1167
1168
1170
1173
1175
1176
1177
1180
1181
1182
1185
1188
1189
1190
1192
1193
1194
1196
1198
1206
1207
1208
1209
1210
1212
1213
1214
1215
1217
1218
1219
1221
1222
1224
1226
1228
1231
1232
1234
1240
1243
1246
1247
1250
1254
1256
1259
1260
1261
1262
1264
1266
1268
1269
1272
1275
1276
1277
1278
1281
1282
1283
1284
1286
1288
1289
1290
1292
1296
1299
1303
1304
1305
1306
1307
1308
1310
1311
1313
1314
1316
1317
1320
1322
1323
1326
1328
1330
1332
1333
1335
1336
1337
1338
1343
1345
1346
1347
1350
1354
1356
1357
1358
1361
1362
1363
1364
1365
1366
1369
1370
1374
1376
1377
1378
1379
1380
1381
1385
1386
1393
1395
1396
1397
1398
1399
1400
1406
1407
1409
1410
1411
1412
1413
1415
1416
1417
1418
1419
1421
1422
1427
1429
1431
1433
1435
1436
1437
1438
1446
1448
1450
1451
1452
1454
1455
1456
1457
1460
1463
1464
1465
1467
1472
1476
1479
1480
1481
1482
1483
1487
1488
1489
1490
1493
1494
1495
1496
1498
1499
1500
1501
1508
1509
1510
1511
1512
1513
1514
1515
1517
1518
1521
1525
1526
1527
1528
1532
1535
1537
1538
1539
1540
1541
1542
1543
1545
1547
1548
1550
1552
1553
1555
1556
1557
1561
1562
1563
1566
1569
1570
1572
1573
1574
1576
1578
1585
1587
1588
1589
1590
1598
1602
1603
1605
1607
1612
1613
1614
1615
1616
1617
1619
1620
1623
1624
1625
1630
1631
1633
1634
1635
1636
1637
1638
1640
1642
1644
1648
1649
1651
1655
1656
1657
1660
1661
1663
1672
1675
1676
1678
1680
1681
1685
1686
1690
1692
1693
1694
1697
1698
1699
1700
1701
1703
1705
1706
1710
1712
1713
1714
1716
1717
1718
1719
1722
1724
1727
1728
1729
1731
1732
1737
1742
1743
1744
1750
1752
1755
1758
1760
1761
1763
1764
1767
1768
1775
1776
1777
1779
1782
1786
1787
1788
1790
1791
1794
1796
1797
1798
1800
1802
1803
1804
1806
1810
1813
1814
1815
1816
1817
1818
1819
1821
1827
1828
1830
1831
1832
1833
1835
1837
1839
1841
1842
1846
1847
1850
1851
1852
1853
1855
1856
1857
1862
1864
1866
1868
1870
1871
1872
1874
1876
1877
1879
1880
1882
1883
1885
1889
1890
1891
1897
1898
1902
1906
1907
1909
1912
1914
1915
1916
1917
1920
1924
1925
1927
1932
1935
1937
1940
1941
1943
1947
1948
1958
1959
1960
1963
1966
1967
1969
1971
1976
1979
1981
1982
1983
1986
1987
1993
1994
1995
1998
1999
2000
2001
2002
2003
2010
2012
2013
2014
2016
2017
2020
2022
2023
2025
2026
2027
2028
2030
2032
2037
2038
2042
2043
2044
2045
2046
2047
2049
2051
2052
2053
2056
2058
2059
2064
2065
2066
2067
2068
2071
2079
2080
2081
2084
2089
2091
2094
2096
2097
2098
2111
2112
2116
2118
2122
2123
2128
2132
2133
2135
2136
2137
2138
2140
2144
2146
2149
2150
2151
2152
2153
2156
2157
2162
2164
2165
2168
2170
2171
2172
2173
2174
2175
2177
2178
2179
2182
2183
2184
2185
2187
2189
2191
2194
2195
2196
2204
2206
2207
2208
2209
2211
2213
2214
2219
2222
2223
2226
2227
2229
2230
2231
2233
2237
2238
2239
2241
2244
2245
2248
2249
2250
2251
2252
2253
2254
2255
2256
2257
2260
2262
2265
2266
2267
2270
2273
2274
2276
2279
2284
2285
2288
2290
2293
2294
2298
2300
2301
2305
2306
2307
2309
2311
2312
2316
2317
2319
2322
2326
2327
2329
2332
2338
2339
2340
2341
2343
2344
2345
2348
2352
2355
2359
2361
2362
2368
2369
2370
2371
2374
2376
2377
2380
2381
2386
2387
2392
2394
2395
2397
2398
2401
2402
2405
2407
2411
2412
2413
2414
2416
2417
2418
2419
2420
2423
2425
2427
2434
2435
2436
2437
2438
2440
2443
2444
2445
2446
2448
2452
2453
2456
2457
2461
2464
2466
2469
2471
2474
2476
2478
2482
2483
2484
2487
2490
2492
2493
2494
2497
2498
2500
2503
2504
2505
2506
2507
2509
2510
2511
2515
2516
2520
2521
2522
2524
2526
2527
2529
2530
2532
2534
2536
2538
2542
2543
2544
2547
2553
2554
2555
2556
2557
2559
2560
2561
2562
2563
2564
2566
2569
2570
2571
2573
2574
2576
2582
2583
2587
2588
2592
2593
2595
2598
2599
2600
2601
2602
2603
2604
2608
2612
2614
2615
2616
2622
2626
2627
2629
2630
2632
2633
2635
2636
2638
2640
2641
2642
2643
2649
2651
2652
2654
2658
2660
2662
2663
2665
2666
2669
2670
2672
2676
2677
2680
2681
2683
2684
2685
2688
2690
2691
2692
2694
2695
2697
2702
2703
2704
2705
2706
2709
2715
2716
2717
2721
2722
2723
2725
2727
2730
2732
2736
2737
2739
2742
2744
2745
2747
2750
2753
2754
2756
2757
2762
2766
2767
2768
2770
2774
2775
2777
2781
2783
2786
2787
2788
2791
2797
2798
2800
2803
2804
2808
2811
2813
2814
2816
2817
2820
2823
2825
2826
2829
2831
2833
2837
2839
2842
2843
2846
2847
2848
2850
2851
2853
2854
2857
2858
2864
2865
2866
2867
2868
2870
2871
2876
2877
2881
2882
2883
2884
2885
2888
2889
2891
2896
2897
2899
2902
2903
2905
2907
2909
2911
2913
2918
2920
2921
2922
2926
2928
2929
2930
2931
2932
2933
2934
2935
2936
2937
2938
2939
2940
2941
2942
2944
2946
2951
2953
2954
2957
2960
2961
2962
2963
2964
2967
2972
2974
2975
2976
2977
2980
2981
2982
2984
2986
2987
2988
2989
2993
2994
2996
2999
3000
3004
3008
3009
3016
3017
3018
3019
3028
3029
3030
3031
3032
3035
3041
3044
3045
3047
3049
3050
3052
3054
3055
3057
3059
3060
3062
3064
3065
3066
3068
3069
3070
3073
3074
3075
3077
3081
3083
3086
3087
3088
3089
3090
3092
3093
3094
3096
3100
3101
3107
3109
3110
3111
3112
3113
3115
3116
3117
3120
3125
3128
3129
3130
3133
3134
3135
3136
3141
3142
3144
3145
3147
3148
3149
3151
3152
3155
3157
3159
3160
3163
3164
3165
3166
3167
3169
3171
3172
3175
3177
3178
3180
3181
3182
3183
3187
3188
3191
3192
3195
3196
3198
3199
3201
3202
3203
3206
3208
3209
3210
3211
3213
3217
3218
3219
3221
3223
3225
3228
3229
3231
3232
3234
3236
3237
3238
3240
3241
3245
3256
3257
3258
3259
3262
3264
3265
3267
3273
3275
3276
3278
3279
3286
3289
3290
3293
3299
3301
3304
3306
3309
3314
3315
3317
3321
3323
3325
3326
3332
3334
3339
3340
3341
3344
3345
3348
3349
3350
3353
3357
3358
3360
3361
3363
3365
3367
3368
3369
3372
3373
3378
3384
3387
3390
3395
3396
3397
3399
3400
3401
3402
3403
3404
3407
3408
3409
3410
3413
3417
3420
3421
3423
3426
3427
3432
3433
3437
3438
3439
3442
3444
3445
3446
3448
3452
3454
3456
3459
3463
3467
3468
3469
3474
3476
3477
3478
3481
3482
3483
3485
3486
3487
3488
3489
3490
3493
3497
3500
3501
3502
3503
3506
3509
3512
3513
3515
3516
3520
3522
3524
3525
3526
3532
3535
3536
3538
3540
3543
3547
3549
3550
3552
3553
3556
3559
3560
3561
3562
3563
3564
3568
3569
3570
3572
3573
3576
3577
3578
3581
3582
3584
3588
3589
3592
3593
3594
3599
3601
3602
3605
3606
3609
3612
3613
3617
3619
3621
3625
3628
3631
3632
3635
3638
3639
3644
3646
3649
3650
3652
3654
3655
3656
3657
3660
3662
3663
3665
3668
3670
3672
3674
3681
3682
3684
3685
3687
3689
3692
3694
3695
3696
3700
3704
3705
3708
3709
3710
3711
3713
3715
3716
3717
3718
3722
3723
3724
3729
3732
3737
3738
3741
3742
3744
3748
3750
3751
3752
3753
3754
3755
3756
3757
3763
3766
3767
3768
3769
3771
3773
3776
3777
3778
3779
3780
3781
3783
3784
3785
3788
3793
3794
3796
3799
3802
3804
3806
3808
3809
3810
3814
3815
3816
3818
3819
3825
3827
3828
3833
3835
3837
3839
3840
3843
3845
3850
3860
3861
3864
3869
3870
3873
3874
3876
3877
3879
3881
3882
3885
3886
3887
3888
3889
3890
3893
3897
3898
3899
3904
3905
3906
3907
3910
3911
3914
3915
3916
3918
3921
3923
3924
3926
3932
3933
3939
3943
3946
3947
3948
3949
3950
3951
3954
3959
3963
3964
3969
3971
3972
3973
3974
3977
3978
3981
3986
3987
3989
3993
3994
3995
3997
3999
4001
4002
4005
4006
4007
4008
4009
4011
4015
4017
4018
4020
4022
4024
4025
4026
4029
4034
4043
4044
4047
4052
4055
4057
4059
4063
4065
4066
4069
4071
4079
4080
4082
4083
4085
4089
4090
4093
4094
4099
4101
4102
4103
4104
4107
4108
4109
4111
4113
4114
4115
4118
4120
4122
4123
4124
4126
4127
4128
4132
4136
4137
4138
4139
4140
4141
4142
4144
4149
4150
4152
4153
4154
4155
4159
4160
4161
4163
4164
4168
4171
4172
4176
4178
4179
4180
4182
4186
4190
4191
4192
4194
4195
4196
4198
4201
4202
4204
4206
4212
4213
4214
4215
4223
4225
4226
4227
4228
4229
4230
4233
4236
4239
4242
4243
4245
4254
4255
4258
4261
4262
4265
4266
4267
4268
4269
4270
4272
4273
4277
4278
4280
4283
4285
4288
4293
4295
4296
4298
4300
4301
4303
4305
4306
4308
4309
4310
4312
4314
4321
4323
4324
4327
4329
4330
4333
4334
4337
4339
4341
4343
4344
4346
4347
4350
4351
4352
4353
4355
4356
4359
4361
4363
4367
4368
4369
4370
4375
4378
4379
4383
4384
4386
4387
4388
4393
4394
4398
4399
4401
4402
4403
4405
4407
4408
4411
4416
4418
4421
4422
4423
4424
4425
4426
4428
4430
4431
4433
4434
4435
4436
4437
4438
4439
4442
4444
4450
4451
4452
4455
4456
4458
4459
4462
4463
4464
4465
4469
4470
4473
4474
4479
4480
4482
4483
4484
4489
4490
4492
4493
4494
4496
4500
4502
4505
4506
4509
4511
4513
4515
4518
4519
4523
4524
4525
4526
4527
4531
4532
4533
4534
4535
4538
4543
4544
4545
4546
4550
4551
4553
4555
4557
4561
4567
4569
4572
4573
4577
4581
4582
4583
4586
4587
4588
4590
4591
4592
4593
4594
4595
4597
4599
4602
4603
4604
4607
4608
4609
4613
4618
4619
4620
4622
4623
4626
4627
4629
4632
4633
4636
4641
4644
4645
4646
4649
4650
4651
4653
4654
4656
4657
4658
4661
4663
4664
4666
4667
4668
4669
4672
4674
4675
4676
4677
4679
4680
4682
4683
4689
4696
4703
4704
4706
4708
4710
4711
4712
4713
4715
4716
4720
4722
4723
4724
4732
4733
4734
4735
4737
4739
4743
4746
4747
4749
4750
4751
4754
4755
4757
4758
4759
4765
4767
4770
4771
4773
4774
4775
4776
4782
4783
4785
4787
4789
4790
4791
4792
4794
4795
4800
4805
4807
4808
4810
4815
4816
4818
4819
4821
4823
4824
4825
4826
4829
4830
4831
4832
4833
4837
4839
4840
4845
4848
4849
4850
4851
4852
4853
4857
4860
4861
4862
4865
4866
4872
4874
4877
4879
4881
4882
4883
4884
4885
4888
4890
4891
4892
4895
4897
4899
4901
4903
4905
4908
4910
4911
4912
4914
4915
4916
4917
4920
4921
4924
4925
4926
4928
4929
4931
4933
4938
4939
4942
4945
4951
4952
4955
4956
4957
4958
4960
4961
4962
4963
4964
4968
4969
4974
4975
4978
4980
4981
4982
4984
4990
4993
4998
4999
5001
5002
5003
5004
5007
5010
5013
5014
5015
5022
5023
5024
5031
5032
5033
5034
5035
5037
5038
5040
5042
5044
5046
5050
5051
5052
5053
5054
5055
5057
5058
5061
5064
5066
5068
5069
5070
5072
5075
5078
5080
5081
5083
5084
5086
5089
5090
5091
5092
5095
5096
5098
5099
5100
5101
5102
5103
5106
5108
5109
5110
5112
5113
5119
5121
5122
5123
5125
5127
5128
5129
5131
5137
5138
5143
5145
5148
5151
5153
5155
5156
5158
5159
5161
5163
5166
5169
5171
5172
5173
5174
5177
5178
5179
5180
5181
5182
5184
5188
5190
5191
5197
5200
5201
5202
5203
5204
5205
5206
5207
5208
5209
5210
5211
5213
5216
5218
5220
5222
5223
5225
5227
5228
5230
5231
5233
5234
5238
5239
5241
5244
5248
5249
5251
5253
5256
5258
5260
5261
5262
5265
5266
5267
5268
5269
5270
5271
5273
5275
5276
5278
5280
5281
5282
5284
5285
5286
5287
5288
5293
5294
5296
5299
5301
5302
5303
5305
5308
5311
5313
5314
5315
5316
5317
5318
5321
5323
5324
5327
5333
5335
5336
5337
5341
5343
5344
5346
5348
5349
5350
5353
5354
5355
5362
5364
5365
5366
5368
5370
5371
5372
5374
5375
5376
5377
5378
5379
5380
5382
5385
5388
5390
5391
5393
5395
5396
5397
5399
5400
5401
5404
5406
5411
5415
5416
5419
5424
5425
5426
5427
5428
5431
5432
5434
5437
5440
5441
5442
5444
5446
5448
5449
5450
5451
5454
5457
5458
5459
5460
5462
5463
5464
5466
5468
5474
5475
5476
5477
5478
5479
5481
5482
5483
5488
5489
5490
5491
5492
5493
5494
5495
5497
5498
5501
5505
5507
5508
5510
5511
5518
5521
5525
5527
5528
5531
5535
5537
5538
5539
5541
5543
5544
5545
5546
5549
5550
5553
5555
5556
5558
5564
5566
5567
5568
5569
5575
5580
5581
5582
5584
5586
5589
5590
5591
5593
5594
5596
5598
5601
5604
5605
5606
5609
5611
5613
5615
5616
5618
5621
5622
5623
5624
5626
5627
5629
5636
5639
5641
5642
5643
5646
5647
5648
5649
5650
5652
5657
5658
5660
5662
5663
5667
5670
5671
5672
5673
5675
5678
5680
5681
5683
5685
5688
5691
5694
5698
5699
5701
5702
5703
5704
5705
5708
5709
5710
5714
5715
5716
5719
5722
5723
5725
5726
5727
5728
5729
5731
5734
5735
5737
5738
5739
5740
5742
5743
5744
5749
5753
5754
5756
5758
5759
5760
5761
5763
5764
5765
5768
5770
5772
5775
5781
5784
5785
5787
5789
5790
5791
5792
5793
5794
5795
5797
5798
5807
5809
5811
5814
5818
5819
5821
5823
5824
5828
5832
5834
5839
5840
5842
5844
5846
5847
5849
5850
5853
5854
5856
5859
5860
5861
5862
5863
5864
5868
5869
5872
5873
5874
5876
5877
5881
5883
5889
5891
5892
5895
5901
5902
5903
5905
5907
5908
5909
5910
5911
5912
5916
5917
5918
5919
5922
5923
5926
5928
5929
5931
5935
5936
5937
5941
5943
5944
5946
5948
5951
5954
5955
5958
5959
5960
5962
5963
5965
5966
5967
5968
5969
5970
5973
5975
5978
5979
5980
5981
5982
5984
5987
5988
5991
5992
5994
5996
5997
5998
6003
6004
6010
6013
6014
6015
6018
6019
6020
6021
6022
6023
6029
6030
6034
6035
6037
6039
6041
6045
6048
6049
6055
6056
6057
6059
6064
6066
6071
6075
6076
6078
6079
6080
6081
6082
6083
6084
6086
6088
6089
6091
6093
6095
6096
6099
6101
6102
6104
6105
6106
6107
6111
6112
6113
6114
6115
6117
6119
6120
6122
6124
6125
6128
6130
6132
6135
6138
6141
6143
6146
6147
6148
6150
6152
6153
6154
6155
6156
6164
6165
6169
6170
6171
6172
6173
6174
6178
6180
6181
6182
6186
6187
6188
6189
6190
6191
6192
6194
6195
6196
6198
6201
6206
6209
6212
6213
6214
6215
6219
6220
6221
6222
6223
6225
6227
6228
6230
6231
6235
6238
6239
6242
6243
6244
6246
6248
6249
6250
6252
6260
6264
6268
6271
6274
6275
6276
6278
6279
6281
6284
6285
6288
6289
6290
6291
6296
6297
6298
6299
6300
6301
6302
6303
6305
6307
6308
6312
6313
6318
6319
6320
6321
6323
6324
6328
6330
6331
6335
6336
6337
6339
6340
6341
6345
6347
6351
6352
6355
6357
6358
6364
6367
6368
6369
6370
6373
6376
6378
6382
6384
6386
6394
6395
6397
6400
6403
6405
6407
6408
6409
6413
6415
6416
6419
6420
6421
6422
6423
6424
6425
6426
6427
6430
6432
6435
6441
6443
6444
6445
6446
6447
6448
6451
6452
6453
6456
6457
6461
6462
6465
6467
6470
6472
6477
6478
6480
6481
6483
6484
6485
6486
6488
6493
6495
6498
6499
6504
6505
6506
6507
6510
6511
6513
6518
6520
6521
6522
6523
6525
6527
6529
6532
6535
6537
6539
6540
6541
6542
6545
6547
6549
6550
6551
6553
6554
6556
6557
6558
6559
6561
6562
6563
6564
6568
6569
6571
6573
6577
6579
6583
6586
6590
6591
6592
6593
6594
6595
6596
6597
6599
6601
6602
6609
6610
6615
6621
6622
6623
6624
6627
6628
6629
6631
6632
6633
6635
6636
6638
6640
6642
6646
6649
6651
6652
6653
6656
6660
6662
6664
6667
6668
6671
6672
6673
6674
6676
6677
6681
6682
6686
6687
6689
6691
6692
6693
6694
6698
6700
6701
6703
6704
6711
6712
6715
6716
6718
6719
6721
6723
6728
6729
6732
6733
6735
6738
6739
6741
6744
6747
6753
6754
6758
6759
6761
6763
6764
6768
6769
6772
6776
6777
6780
6781
6784
6787
6790
6791
6792
6794
6795
6798
6800
6802
6806
6812
6814
6815
6816
6817
6819
6822
6825
6826
6827
6829
6831
6832
6833
6838
6840
6842
6844
6850
6851
6855
6857
6858
6860
6862
6863
6864
6865
6867
6868
6869
6875
6876
6877
6878
6880
6882
6884
6885
6886
6888
6889
6890
6892
6896
6897
6900
6901
6903
6904
6905
6906
6907
6909
6911
6914
6915
6916
6917
6918
6920
6922
6923
6925
6928
6930
6933
6936
6938
6939
6940
6943
6946
6947
6948
6950
6951
6953
6954
6955
6956
6957
6960
6962
6963
6966
6967
6970
6971
6973
6975
6978
6979
6985
6986
6989
6991
6994
6996
6997
7000
7005
7011
7012
7015
7016
7017
7018
7019
7020
7022
7023
7025
7026
7029
7030
7032
7034
7035
7037
7038
7039
7042
7044
7046
7047
7048
7053
7054
7058
7059
7061
7063
7065
7066
7069
7071
7073
7074
7075
7079
7080
7083
7084
7086
7087
7088
7094
7095
7097
7098
7102
7103
7104
7106
7109
7110
7111
7112
7114
7115
7116
7118
7119
7121
7127
7128
7130
7131
7133
7135
7139
7140
7141
7143
7145
7146
7147
7151
7152
7153
7160
7162
7168
7169
7170
7172
7178
7180
7181
7182
7188
7189
7192
7193
7195
7196
7197
7198
7199
7201
7202
7204
7206
7210
7211
7212
7214
7215
7216
7221
7222
7223
7224
7225
7226
7228
7235
7236
7237
7239
7246
7248
7251
7252
7255
7257
7258
7260
7263
7264
7265
7269
7270
7271
7273
7274
7276
7277
7278
7288
7289
7291
7292
7295
7297
7298
7302
7307
7309
7310
7316
7317
7320
7326
7327
7328
7330
7331
7332
7333
7334
7337
7340
7342
7343
7344
7347
7348
7350
7351
7352
7354
7359
7363
7364
7367
7369
7371
7379
7381
7382
7384
7385
7386
7389
7392
7393
7396
7397
7398
7402
7403
7404
7406
7409
7410
7411
7412
7413
7414
7416
7418
7419
7421
7423
7424
7429
7430
7434
7435
7436
7438
7439
7440
7442
7444
7447
7448
7450
7451
7453
7455
7458
7459
7461
7463
7465
7471
7476
7478
7481
7482
7483
7484
7488
7489
7491
7492
7493
7494
7496
7498
7502
7504
7506
7507
7508
7511
7513
7517
7518
7521
7524
7525
7526
7528
7529
7531
7540
7541
7544
7548
7552
7553
7554
7556
7559
7560
7564
7565
7566
7567
7568
7569
7571
7576
7578
7579
7580
7581
7582
7583
7585
7586
7589
7591
7593
7595
7600
7601
7602
7605
7607
7608
7609
7610
7611
7612
7614
7615
7616
7618
7619
7622
7624
7625
7627
7629
7630
7634
7636
7640
7643
7644
7652
7654
7657
7660
7662
7664
7668
7669
7670
7674
7676
7677
7678
7679
7681
7683
7684
7686
7691
7693
7695
7696
7699
7700
7702
7703
7704
7705
7709
7711
7715
7716
7722
7724
7725
7726
7727
7732
7733
7738
7739
7740
7743
7744
7747
7749
7752
7753
7754
7755
7759
7762
7763
7764
7765
7766
7769
7770
7771
7772
7773
7775
7776
7782
7783
7785
7786
7787
7788
7789
7793
7794
7796
7798
7800
7801
7804
7806
7807
7811
7812
7814
7819
7820
7825
7826
7827
7830
7831
7832
7833
7837
7838
7839
7842
7844
7848
7849
7851
7854
7860
7861
7868
7870
7871
7872
7873
7875
7876
7881
7882
7884
7886
7888
7889
7893
7894
7895
7897
7898
7899
7901
7902
7903
7905
7907
7908
7913
7914
7915
7923
7925
7929
7930
7932
7934
7935
7936
7940
7944
7946
7949
7950
7951
7953
7954
7956
7958
7959
7962
7964
7965
7966
7967
7969
7971
7973
7977
7980
7981
7982
7987
7990
7993
7997
8002
8003
8004
8006
8007
8008
8009
8010
8012
8013
8014
8017
8019
8023
8025
8026
8027
8029
8031
8032
8034
8037
8038
8042
8043
8044
8045
8047
8051
8052
8056
8057
8059
8061
8062
8064
8070
8071
8073
8074
8075
8076
8077
8079
8081
8082
8083
8086
8087
8089
8094
8100
8102
8103
8106
8107
8110
8111
8112
8115
8116
8118
8121
8123
8124
8126
8127
8129
8132
8133
8134
8136
8138
8140
8141
8143
8144
8146
8147
8148
8149
8150
8151
8152
8156
8157
8161
8162
8165
8167
8171
8172
8173
8174
8176
8177
8179
8181
8182
8183
8185
8186
8187
8188
8189
8191
8192
8194
8195
8197
8199
8202
8204
8208
8209
8210
8211
8212
8213
8215
8217
8219
8220
8221
8222
8223
8227
8228
8229
8232
8233
8234
8240
8241
8245
8246
8248
8249
8250
8251
8253
8254
8257
8263
8265
8266
8272
8274
8275
8276
8283
8284
8287
8288
8289
8290
8291
8293
8295
8296
8297
8302
8304
8306
8307
8308
8309
8310
8311
8312
8313
8316
8317
8320
8321
8322
8323
8324
8325
8327
8329
8333
8334
8339
8340
8341
8343
8344
8348
8349
8350
8352
8354
8355
8357
8360
8361
8363
8367
8368
8369
8371
8372
8374
8375
8379
8381
8382
8383
8384
8385
8386
8388
8389
8391
8392
8393
8394
8395
8396
8398
8399
8401
8404
8405
8407
8408
8409
8410
8411
8412
8413
8414
8415
8421
8422
8423
8424
8427
8429
8430
8432
8433
8439
8440
8441
8442
8443
8445
8447
8448
8449
8450
8453
8454
8455
8456
8457
8459
8463
8464
8465
8467
8469
8472
8474
8475
8476
8477
8478
8479
8480
8481
8482
8483
8484
8485
8489
8492
8494
8497
8498
8499
8500
8504
8507
8508
8510
8511
8512
8513
8514
8515
8516
8518
8520
8521
8523
8524
8525
8527
8529
8532
8533
8538
8540
8543
8544
8546
8550
8551
8553
8555
8557
8560
8561
8563
8566
8568
8569
8570
8571
8572
8573
8578
8581
8582
8584
8588
8589
8591
8594
8595
8596
8599
8601
8603
8605
8606
8609
8610
8611
8613
8617
8619
8620
8622
8623
8624
8625
8626
8629
8632
8633
8638
8639
8642
8645
8646
8647
8650
8652
8653
8654
8655
8656
8657
8661
8663
8666
8667
8669
8670
8671
8672
8676
8680
8681
8682
8683
8684
8685
8687
8691
8692
8694
8699
8700
8701
8703
8704
8705
8706
8707
8708
8710
8712
8714
8715
8717
8722
8724
8726
8729
8730
8731
8732
8737
8742
8748
8749
8751
8752
8754
8758
8759
8761
8764
8766
8768
8769
8771
8772
8773
8774
8775
8780
8782
8784
8786
8789
8792
8793
8794
8800
8802
8803
8804
8805
8806
8811
8814
8815
8817
8820
8823
8824
8825
8827
8828
8833
8834
8835
8837
8839
8841
8842
8843
8844
8848
8849
8850
8852
8853
8854
8856
8857
8859
8861
8863
8870
8871
8872
8873
8874
8876
8877
8880
8883
8885
8886
8887
8890
8893
8895
8899
8901
8903
8905
8906
8908
8910
8911
8912
8913
8915
8916
8918
8920
8921
8925
8926
8927
8928
8929
8934
8935
8940
8942
8944
8947
8948
8951
8952
8953
8954
8955
8958
8961
8968
8969
8970
8972
8973
8976
8979
8981
8982
8983
8989
8992
8995
8996
8997
8999
9001
9003
9009
9010
9011
9012
9013
9018
9019
9020
9022
9024
9025
9026
9029
9031
9032
9035
9038
9040
9043
9045
9049
9050
9051
9052
9053
9056
9059
9060
9061
9062
9063
9066
9068
9069
9070
9071
9074
9076
9077
9078
9080
9081
9082
9085
9087
9089
9092
9093
9094
9095
9096
9097
9099
9100
9105
9106
9107
9108
9109
9110
9111
9112
9116
9117
9118
9119
9121
9122
9125
9127
9128
9129
9133
9134
9135
9136
9137
9138
9140
9142
9143
9147
9148
9150
9153
9155
9161
9163
9164
9166
9168
9169
9171
9172
9175
9176
9177
9179
9186
9190
9191
9193
9196
9199
9201
9204
9205
9210
9212
9213
9215
9217
9219
9223
9224
9225
9226
9227
9229
9230
9233
9234
9236
9238
9239
9240
9243
9244
9245
9248
9249
9250
9251
9253
9257
9258
9263
9264
9270
9271
9273
9274
9275
9276
9278
9280
9284
9286
9287
9288
9289
9292
9294
9297
9298
9300
9301
9302
9303
9308
9309
9311
9312
9315
9316
9317
9318
9320
9321
9324
9327
9329
9337
9338
9339
9341
9342
9343
9344
9345
9348
9355
9357
9359
9360
9363
9367
9369
9371
9373
9376
9381
9382
9385
9387
9389
9391
9392
9393
9395
9396
9400
9403
9408
9410
9411
9413
9415
9416
9419
9421
9422
9424
9425
9426
9428
9430
9433
9436
9439
9440
9441
9442
9443
9446
9449
9452
9454
9455
9456
9457
9459
9461
9465
9467
9468
9469
9470
9472
9475
9479
9481
9484
9485
9486
9487
9489
9490
9492
9496
9498
9501
9505
9506
9507
9509
9511
9513
9514
9515
9516
9517
9523
9524
9526
9527
9528
9530
9531
9539
9540
9542
9543
9546
9547
9548
9551
9553
9554
9556
9557
9560
9562
9566
9567
9570
9571
9574
9577
9584
9586
9587
9590
9591
9592
9593
9595
9596
9597
9599
9600
9602
9603
9605
9606
9608
9612
9616
9617
9618
9626
9627
9628
9630
9632
9637
9638
9642
9643
9645
9646
9648
9650
9651
9653
9654
9660
9662
9664
9669
9670
9671
9672
9673
9674
9677
9679
9680
9681
9683
9684
9685
9686
9687
9688
9690
9691
9693
9696
9698
9699
9700
9701
9704
9705
9706
9707
9711
9712
9719
9720
9722
9724
9729
9731
9734
9735
9736
9738
9740
9741
9745
9746
9747
9749
9750
9752
9757
9758
9760
9763
9765
9766
9773
9774
9775
9779
9780
9781
9783
9784
9785
9791
9792
9793
9801
9802
9804
9806
9809
9812
9813
9814
9817
9818
9819
9820
9821
9823
9825
9827
9831
9833
9834
9837
9839
9840
9841
9844
9849
9852
9854
9855
9861
9862
9869
9870
9871
9872
9874
9878
9879
9880
9881
9883
9888
9892
9895
9897
9898
9899
9900
9902
9903
9904
9906
9908
9910
9912
9913
9915
9919
9920
9922
9924
9925
9928
9930
9931
9932
9933
9936
9937
9938
9939
9943
9945
9946
9948
9950
9954
9955
9956
9958
9960
9961
9962
9966
9968
9970
9974
9975
9976
9978
9979
9981
9982
9985
9987
9988
9989
9993
9995
9996
9997
9999
10000
10001
10004
10007
10010
10012
10014
10015
10016
10020
10021
10024
10029
10033
10035
10036
10040
10043
10044
10048
10051
10055
10056
10057
10060
10065
10066
10067
10068
10070
10077
10078
10079
10081
10082
10083
10084
10086
10087
10090
10093
10095
10096
10098
10099
10101
10104
10105
10109
10110
10111
10113
10114
10115
10116
10117
10118
10120
10121
10122
10123
10124
10126
10130
10132
10134
10137
10141
10143
10146
10148
10150
10152
10155
10157
10160
10161
10162
10164
10167
10169
10170
10172
10174
10175
10178
10179
10180
10181
10184
10186
10187
10188
10189
10190
10193
10197
10199
10200
10201
10202
10204
10205
10206
10207
10208
10209
10210
10211
10215
10216
10217
10223
10224
10226
10227
10231
10234
10236
10237
10238
10239
10240
10241
10243
10245
10249
10251
10252
10253
10254
10255
10260
10262
10263
10265
10267
10268
10269
10271
10275
10277
10280
10281
10283
10286
10287
10289
10290
10291
10292
10294
10298
10300
10301
10305
10306
10310
10312
10313
10316
10319
10320
10321
10322
10328
10331
10332
10333
10334
10336
10338
10340
10341
10342
10343
10346
10347
10348
10350
10351
10352
10353
10354
10355
10356
10357
10360
10362
10367
10368
10370
10371
10372
10375
10376
10377
10379
10380
10381
10382
10385
10386
10389
10391
10392
10393
10394
10395
10396
10399
10401
10403
10406
10407
10409
10412
10415
10417
10419
10421
10423
10424
10426
10427
10428
10429
10430
10433
10436
10437
10438
10442
10444
10446
10449
10450
10451
10452
10454
10455
10457
10458
10459
10460
10461
10462
10463
10465
10467
10468
10469
10470
10471
10472
10473
10474
10475
10476
10478
10479
10480
10482
10484
10486
10488
10489
10491
10495
10497
10499
10502
10503
10507
10509
10511
10514
10515
10516
10517
10518
10523
10524
10525
10530
10533
10540
10541
10542
10547
10548
10549
10550
10551
10553
10555
10557
10559
10560
10565
10566
10569
10571
10572
10573
10576
10578
10582
10583
10584
10588
10590
10591
10594
10595
10597
10598
10599
10600
10601
10602
10606
10612
10613
10614
10616
10617
10618
10619
10623
10627
10634
10635
10637
10640
10647
10648
10649
10650
10653
10656
10658
10660
10662
10668
10670
10671
10672
10673
10674
10676
10680
10682
10683
10684
10689
10691
10692
10693
10694
10695
10696
10699
10702
10704
10705
10706
10708
10709
10710
10714
10715
10716
10717
10719
10721
10723
10724
10726
10733
10734
10737
10738
10739
10740
10742
10744
10745
10746
10749
10752
10753
10756
10758
10761
10763
10764
10765
10766
10768
10770
10773
10775
10778
10780
10781
10782
10784
10785
10786
10787
10792
10793
10795
10796
10799
10803
10805
10806
10807
10810
10811
10813
10815
10816
10821
10824
10825
10828
10829
10833
10837
10838
10840
10842
10844
10845
10847
10850
10853
10854
10861
10863
10864
10865
10866
10867
10871
10873
10878
10882
10883
10885
10891
10892
10894
10895
10899
10900
10901
10908
10909
10910
10911
10914
10915
10918
10919
10922
10925
10926
10927
10928
10929
10930
10931
10932
10934
10935
10936
10939
10942
10943
10944
10947
10948
10949
10951
10956
10959
10966
10967
10968
10970
10971
10973
10975
10977
10979
10983
10984
10986
10987
10989
10990
10994
10995
10998
10999
11000
11001
11003
11004
11005
11006
11008
11010
11014
11015
11017
11018
11019
11021
11023
11025
11026
11027
11029
11030
11032
11036
11037
11042
11046
11047
11049
11050
11053
11054
11059
11065
11066
11068
11070
11072
11075
11076
11086
11087
11088
11089
11091
11094
11095
11096
11098
11100
11102
11103
11104
11105
11107
11108
11111
11113
11114
11115
11117
11119
11120
11121
11124
11126
11127
11129
11132
11134
11135
11136
11138
11139
11142
11143
11148
11154
11155
11159
11161
11163
11166
11167
11168
11170
11171
11172
11173
11175
11178
11182
11186
11187
11191
11192
11194
11199
11202
11204
11205
11207
11210
11212
11214
11219
11220
11221
11222
11224
11228
11229
11230
11231
11234
11235
11238
11241
11242
11244
11249
11251
11252
11253
11254
11257
11258
11261
11262
11263
11264
11267
11268
11272
11274
11279
11280
11283
11284
11285
11286
11287
11290
11292
11294
11297
11298
11302
11306
11307
11309
11312
11313
11314
11320
11323
11324
11325
11326
11327
11328
11330
11331
11338
11339
11341
11343
11346
11347
11349
11350
11351
11353
11355
11357
11358
11359
11362
11363
11368
11369
11370
11371
11372
11374
11375
11380
11381
11385
11387
11389
11391
11392
11396
11397
11400
11402
11403
11404
11405
11409
11412
11416
11418
11419
11422
11424
11425
11426
11427
11428
11430
11431
11432
11434
11436
11437
11438
11441
11442
11443
11444
11445
11453
11458
11459
11462
11463
11466
11468
11470
11474
11476
11477
11478
11479
11480
11481
11487
11488
11491
11492
11493
11494
11496
11497
11498
11499
11501
11502
11506
11508
11512
11513
11518
11519
11521
11522
11526
11527
11528
11529
11532
11533
11535
11537
11538
11539
11541
11543
11544
11547
11549
11550
11551
11553
11554
11556
11557
11558
11560
11563
11565
11567
11568
11570
11572
11573
11576
11577
11580
11581
11583
11585
11586
11587
11589
11590
11594
11595
11599
11601
11603
11604
11607
11609
11614
11617
11618
11620
11621
11628
11632
11633
11635
11637
11640
11642
11644
11645
11647
11649
11651
11652
11654
11655
11662
11663
11665
11668
11669
11670
11675
11677
11678
11680
11683
11684
11687
11688
11690
11692
11697
11698
11700
11705
11706
11711
11714
11715
11720
11721
11722
11724
11725
11727
11728
11731
11734
11736
11737
11742
11747
11748
11750
11751
11752
11754
11756
11758
11759
11765
11766
11767
11770
11772
11775
11776
11777
11778
11779
11782
11783
11785
11788
11789
11790
11791
11792
11793
11794
11796
11797
11798
11799
11800
11801
11804
11806
11809
11810
11812
11815
11816
11817
11819
11824
11825
11827
11831
11832
11835
11840
11842
11844
11845
11846
11849
11850
11852
11855
11856
11857
11858
11860
11861
11868
11869
11870
11871
11872
11873
11874
11875
11882
11885
11890
11891
11895
11897
11899
11901
11903
11905
11908
11909
11910
11912
11913
11914
11915
11917
11919
11920
11921
11922
11924
11926
11928
11929
11931
11932
11934
11936
11937
11938
11944
11945
11950
11951
11956
11957
11959
11960
11961
11966
11969
11972
11973
11975
11979
11980
11981
11984
11989
11991
11994
11995
11998
11999
12002
12009
12011
12018
12019
12021
12023
12027
12028
12031
12033
12034
12036
12040
12041
12043
12044
12045
12046
12048
12049
12051
12054
12056
12057
12060
12061
12062
12064
12068
12070
12072
12074
12075
12078
12081
12082
12084
12085
12089
12092
12094
12097
12099
12100
12103
12108
12113
12114
12115
12116
12117
12118
12120
12122
12123
12124
12130
12131
12132
12134
12135
12137
12138
12140
12141
12142
12144
12146
12147
12148
12149
12150
12151
12152
12153
12155
12160
12161
12162
12165
12166
12167
12168
12169
12170
12175
12176
12182
12184
12185
12188
12191
12197
12198
12199
12200
12203
12207
12209
12212
12213
12214
12216
12218
12219
12225
12226
12228
12230
12233
12235
12237
12239
12241
12243
12244
12247
12248
12249
12251
12253
12256
12257
12259
12260
12261
12266
12268
12269
12273
12274
12275
12276
12277
12283
12284
12287
12289
12290
12296
12297
12298
12301
12302
12303
12305
12313
12315
12316
12319
12320
12324
12325
12327
12330
12331
12332
12334
12335
12337
12338
12339
12343
12344
12345
12349
12350
12351
12355
12356
12359
12361
12363
12364
12366
12368
12370
12374
12379
12382
12383
12384
12389
12391
12394
12396
12399
12400
12401
12402
12403
12404
12405
12406
12407
12408
12411
12413
12416
12419
12422
12423
12424
12425
12426
12429
12430
12431
12432
12433
12435
12438
12440
12441
12444
12445
12447
12448
12450
12451
12452
12455
12457
12458
12459
12460
12463
12466
12468
12469
12471
12473
12475
12476
12477
12483
12486
12487
12488
12489
12491
12492
12493
12498
12499
12504
12505
12507
12509
12511
12512
12513
12514
12515
12518
12522
12524
12527
12528
12529
12535
12539
12541
12543
12545
12546
12547
12548
12549
12550
12554
12556
12559
12560
12563
12565
12566
12568
12570
12571
12572
12578
12580
12581
12582
12583
12586
12587
12588
12592
12594
12595
12596
12598
12599
12602
12604
12609
12610
12611
12612
12614
12615
12616
12620
12622
12626
12627
12628
12630
12632
12643
12644
12649
12651
12652
12654
12655
12657
12658
12659
12660
12663
12667
12669
12670
12672
12673
12675
12676
12680
12681
12684
12687
12690
12692
12693
12694
12696
12697
12703
12704
12705
12706
12707
12709
12710
12711
12713
12714
12716
12718
12721
12724
12726
12728
12730
12731
12732
12735
12736
12737
12741
12742
12744
12750
12753
12756
12757
12758
12760
12762
12763
12764
12767
12768
12769
12770
12773
12775
12776
12777
12778
12779
12781
12784
12789
12790
12792
12793
12794
12798
12799
12800
12802
12805
12806
12809
12813
12816
12818
12819
12820
12821
12822
12826
12828
12830
12831
12833
12835
12836
12838
12841
12843
12844
12847
12848
12851
12857
12860
12861
12862
12863
12867
12870
12871
12872
12878
12880
12881
12883
12887
12888
12889
12891
12892
12896
12900
12901
12902
12905
12906
12907
12908
12910
12918
12919
12921
12924
12925
12927
12928
12929
12934
12935
12937
12939
12940
12941
12943
12945
12946
12947
12950
12956
12958
12959
12961
12962
12963
12964
12968
12970
12972
12974
12975
12978
12979
12980
12982
12983
12984
12985
12986
12987
12988
12989
12990
12992
12996
12997
13000
13001
13004
13006
13007
13008
13009
13010
13011
13013
13016
13017
13018
13020
13022
13023
13025
13026
13027
13030
13033
13034
13036
13040
13042
13043
13044
13048
13049
13050
13052
13054
13055
13056
13057
13061
13063
13065
13075
13078
13079
13080
13081
13083
13084
13085
13086
13087
13089
13093
13097
13101
13102
13103
13104
13106
13108
13109
13110
13112
13113
13115
13116
13117
13123
13125
13127
13128
13130
13134
13135
13139
13143
13144
13145
13150
13151
13152
13153
13161
13164
13166
13167
13168
13169
13170
13177
13180
13182
13184
13186
13193
13195
13197
13198
13201
13203
13204
13209
13212
13213
13215
13218
13220
13222
13223
13224
13225
13228
13229
13232
13236
13239
13240
13241
13242
13243
13245
13246
13249
13252
13254
13259
13261
13264
13265
13267
13268
13271
13272
13273
13274
13277
13280
13281
13284
13285
13286
13288
13289
13290
13291
13293
13304
13307
13308
13309
13311
13313
13317
13321
13323
13325
13327
13328
13330
13331
13333
13334
13335
13336
13337
13341
13342
13343
13344
13345
13346
13350
13352
13353
13354
13360
13362
13363
13364
13365
13367
13368
13369
13370
13371
13373
13374
13375
13376
13378
13379
13380
13381
13382
13383
13384
13386
13388
13389
13390
13392
13394
13395
13397
13401
13406
13408
13409
13411
13413
13417
13420
13427
13430
13431
13432
13433
13438
13440
13442
13444
13446
13447
13450
13451
13453
13454
13455
13456
13457
13458
13459
13461
13463
13470
13471
13472
13475
13476
13477
13478
13481
13486
13489
13490
13492
13494
13497
13499
13503
13504
13505
13507
13509
13510
13511
13512
13513
13514
13515
13518
13519
13521
13526
13528
13533
13535
13538
13541
13542
13543
13545
13546
13547
13548
13549
13553
13554
13556
13558
13563
13564
13565
13566
13568
13569
13575
13577
13578
13580
13581
13582
13583
13585
13590
13592
13595
13596
13598
13599
13603
13604
13605
13607
13609
13610
13612
13614
13618
13619
13621
13622
13623
13624
13626
13629
13630
13632
13633
13634
13637
13638
13639
13640
13644
13651
13655
13657
13659
13660
13661
13662
13664
13670
13671
13674
13675
13676
13677
13678
13680
13681
13682
13686
13687
13688
13689
13692
13694
13697
13698
13703
13705
13707
13708
13711
13712
13713
13715
13717
13720
13723
13725
13727
13729
13731
13734
13735
13740
13741
13742
13745
13747
13749
13751
13755
13756
13757
13759
13760
13762
13763
13765
13768
13770
13771
13772
13776
13781
13782
13783
13784
13785
13786
13789
13790
13791
13792
13796
13800
13801
13803
13805
13806
13809
13811
13813
13814
13817
13818
13819
13820
13821
13824
13825
13828
13830
13834
13835
13840
13842
13843
13845
13846
13847
13850
13852
13854
13855
13856
13858
13859
13860
13862
13863
13864
13865
13868
13869
13870
13872
13873
13879
13881
13882
13885
13887
13891
13892
13894
13897
13900
13903
13909
13910
13914
13915
13917
13918
13919
13924
13925
13926
13927
13928
13929
13930
13931
13932
13934
13935
13941
13942
13948
13953
13956
13957
13960
13962
13963
13965
13968
13970
13971
13974
13976
13978
13979
13980
13981
13982
13983
13984
13987
13988
13989
13990
13991
13996
13997
13998
13999
14000
14001
14003
14004
14005
14006
14008
14010
14011
14012
14014
14016
14018
14020
14021
14022
14025
14026
14028
14029
14030
14032
14034
14035
14037
14038
14039
14040
14041
14044
14045
14047
14049
14050
14051
14054
14060
14062
14065
14066
14067
14068
14069
14070
14071
14073
14074
14075
14078
14090
14091
14092
14093
14094
14096
14097
14098
14104
14106
14107
14108
14109
14110
14111
14113
14114
14116
14117
14118
14119
14125
14127
14128
14129
14132
14134
14135
14136
14139
14140
14147
14149
14151
14155
14157
14158
14161
14162
14164
14167
14168
14169
14170
14172
14173
14175
14183
14184
14186
14190
14191
14194
14195
14196
14197
14198
14203
14204
14205
14209
14213
14214
14215
14218
14220
14226
14227
14229
14230
14232
14234
14236
14237
14239
14240
14241
14242
14246
14248
14249
14250
14251
14252
14254
14255
14256
14258
14261
14262
14266
14267
14270
14271
14273
14276
14281
14282
14288
14290
14295
14298
14299
14300
14301
14302
14305
14306
14308
14312
14313
14315
14317
14318
14323
14324
14327
14328
14329
14332
14335
14337
14338
14339
14344
14345
14348
14350
14351
14354
14355
14356
14358
14360
14362
14363
14364
14365
14366
14369
14371
14372
14381
14382
14383
14387
14389
14390
14393
14396
14398
14399
14402
14403
14406
14408
14409
14411
14412
14415
14416
14421
14422
14423
14424
14425
14427
14428
14429
14430
14431
14432
14435
14436
14437
14438
14442
14445
14447
14448
14449
14450
14452
14453
14454
14455
14460
14461
14463
14465
14466
14468
14474
14479
14481
14484
14485
14486
14487
14491
14492
14494
14498
14502
14503
14504
14506
14507
14508
14511
14514
14521
14522
14525
14526
14529
14530
14532
14534
14535
14537
14538
14539
14540
14541
14545
14547
14548
14549
14552
14555
14556
14558
14559
14560
14562
14564
14565
14567
14568
14570
14571
14573
14574
14575
14576
14578
14579
14580
14581
14582
14583
14586
14588
14589
14590
14591
14594
14602
14608
14609
14610
14611
14613
14615
14617
14618
14619
14623
14624
14629
14632
14633
14634
14635
14636
14637
14641
14643
14644
14646
14649
14651
14655
14658
14659
14660
14661
14662
14663
14667
14668
14670
14673
14674
14676
14678
14679
14680
14684
14685
14686
14689
14693
14695
14700
14702
14704
14705
14706
14708
14709
14710
14711
14712
14713
14715
14716
14717
14719
14720
14723
14724
14725
14727
14732
14735
14737
14738
14742
14745
14747
14749
14752
14754
14755
14758
14763
14765
14767
14774
14775
14776
14777
14778
14779
14782
14783
14784
14785
14788
14789
14792
14793
14796
14799
14801
14802
14804
14806
14807
14808
14809
14811
14812
14813
14814
14815
14816
14819
14820
14823
14825
14826
14827
14829
14830
14832
14833
14835
14836
14837
14839
14841
14842
14845
14849
14850
14853
14855
14858
14860
14862
14866
14870
14873
14874
14876
14877
14879
14880
14884
14885
14886
14887
14888
14889
14890
14894
14895
14899
14900
14901
14902
14904
14905
14907
14909
14911
14912
14913
14916
14923
14926
14928
14929
14932
14933
14938
14939
14941
14945
14946
14947
14948
14952
14954
14955
14957
14958
14959
14962
14967
14969
14970
14971
14973
14974
14979
14981
14982
14983
14985
14987
14988
14989
14990
14992
14995
14996
14997
14999
15000
15001
15003
15007
15008
15009
15012
15014
15015
15017
15024
15026
15029
15030
15032
15034
15040
15042
15043
15044
15045
15047
15049
15051
15053
15054
15055
15056
15058
15060
15063
15065
15067
15068
15070
15071
15072
15073
15074
15075
15076
15077
15078
15079
15082
15083
15084
15087
15088
15089
15092
15095
15096
15100
15101
15105
15106
15107
15108
15109
15110
15111
15112
15114
15121
15124
15125
15126
15129
15130
15135
15137
15138
15140
15142
15147
15149
15150
15151
15154
15156
15158
15161
15165
15166
15167
15168
15170
15172
15174
15176
15177
15180
15182
15184
15185
15186
15187
15188
15189
15190
15191
15192
15193
15195
15199
15200
15205
15206
15207
15208
15210
15213
15214
15215
15216
15218
15220
15221
15223
15224
15226
15228
15230
15231
15234
15236
15237
15241
15242
15244
15246
15248
15251
15257
15258
15261
15263
15267
15268
15269
15270
15271
15274
15279
15282
15283
15286
15288
15289
15292
15293
15296
15299
15301
15302
15303
15304
15306
15307
15308
15312
15314
15315
15318
15320
15321
15322
15327
15328
15329
15330
15331
15333
15334
15338
15339
15340
15341
15345
15346
15348
15351
15352
15356
15359
15360
15366
15367
15368
15370
15371
15372
15373
15374
15375
15376
15377
15378
15379
15380
15383
15385
15386
15387
15391
15393
15395
15396
15399
15401
15402
15404
15405
15408
15409
15411
15412
15415
15416
15418
15420
15421
15422
15423
15425
15428
15429
15435
15438
15440
15442
15443
15445
15447
15448
15449
15450
15453
15454
15455
15456
15457
15464
15465
15467
15475
15478
15479
15480
15486
15487
15490
15496
15497
15498
15499
15501
15502
15504
15506
15507
15510
15512
15514
15523
15524
15526
15528
15529
15530
15532
15533
15536
15541
15542
15545
15548
15549
15550
15552
15554
15555
15556
15559
15560
15561
15563
15564
15566
15568
15569
15570
15571
15572
15574
15575
15576
15577
15578
15579
15581
15583
15587
15589
15591
15592
15595
15596
15597
15601
15603
15604
15605
15606
15608
15610
15611
15613
15614
15617
15618
15619
15622
15625
15627
15628
15629
15630
15632
15635
15637
15639
15642
15643
15644
15645
15647
15648
15649
15650
15652
15653
15654
15656
15657
15661
15663
15666
15669
15670
15674
15676
15677
15680
15685
15687
15689
15692
15695
15696
15697
15706
15707
15708
15709
15710
15712
15713
15715
15716
15717
15718
15723
15724
15726
15727
15728
15729
15730
15731
15733
15734
15738
15740
15744
15746
15747
15750
15752
15753
15756
15758
15762
15763
15765
15769
15772
15774
15776
15777
15781
15784
15785
15786
15788
15789
15790
15795
15801
15803
15804
15805
15807
15808
15809
15810
15811
15815
15816
15818
15820
15821
15824
15825
15827
15828
15829
15830
15831
15833
15834
15835
15837
15838
15840
15841
15842
15845
15847
15850
15851
15852
15854
15857
15858
15859
15861
15862
15863
15865
15867
15868
15869
15870
15871
15872
15874
15878
15881
15882
15885
15887
15890
15891
15892
15898
15900
15901
15902
15903
15906
15907
15910
15912
15914
15916
15917
15918
15919
15920
15923
15925
15926
15929
15930
15932
15933
15934
15936
15942
15943
15945
15946
15950
15951
15955
15957
15958
15962
15963
15964
15967
15968
15969
15973
15975
15979
15985
15994
15996
15998
16000
16002
16006
16009
16013
16014
16015
16016
16017
16018
16019
16022
16025
16027
16028
16029
16031
16036
16039
16043
16045
16046
16047
16048
16049
16050
16054
16055
16056
16058
16063
16067
16077
16079
16080
16081
16083
16085
16086
16088
16092
16094
16097
16099
16100
16103
16104
16105
16111
16112
16113
16116
16120
16121
16126
16127
16132
16133
16136
16138
16139
16141
16151
16153
16159
16161
16164
16166
16167
16170
16171
16176
16177
16178
16179
16181
16183
16184
16185
16186
16187
16188
16189
16190
16191
16192
16193
16196
16197
16198
16204
16206
16208
16209
16210
16212
16214
16217
16218
16219
16220
16222
16226
16228
16229
16230
16233
16234
16235
16236
16238
16239
16241
16242
16243
16245
16250
16251
16252
16255
16256
16260
16261
16263
16264
16268
16270
16271
16273
16274
16275
16276
16277
16282
16284
16286
16287
16288
16289
16290
16295
16296
16297
16300
16304
16306
16307
16315
16317
16322
16324
16325
16326
16327
16329
16330
16332
16335
16337
16339
16340
16341
16344
16348
16349
16350
16353
16355
16357
16360
16361
16362
16363
16364
16368
16370
16372
16373
16374
16375
16376
16377
16381
16384
