8192
16384
16379
16378
16377
16376
16367
16365
16364
16362
16361
16359
16358
16356
16352
16350
16349
16348
16347
16346
16342
16340
16338
16336
16333
16332
16326
16325
16321
16320
16319
16318
16316
16313
16312
16309
16308
16306
16305
16299
16298
16297
16295
16293
16291
16290
16288
16287
16283
16282
16281
16280
16279
16277
16276
16274
16273
16272
16271
16270
16268
16265
16262
16258
16255
16254
16253
16252
16251
16250
16247
16244
16237
16234
16232
16231
16227
16226
16224
16222
16221
16220
16217
16216
16209
16208
16207
16205
16203
16202
16201
16200
16199
16198
16197
16196
16195
16194
16193
16192
16191
16190
16189
16188
16186
16185
16183
16182
16180
16172
16171
16169
16166
16165
16164
16163
16161
16160
16159
16156
16154
16152
16151
16147
16143
16139
16138
16137
16135
16133
16132
16127
16126
16124
16122
16120
16119
16118
16117
16115
16114
16113
16107
16104
16103
16100
16098
16097
16096
16095
16094
16093
16092
16091
16090
16089
16088
16083
16080
16079
16078
16077
16074
16073
16069
16068
16067
16066
16065
16062
16061
16059
16058
16057
16054
16052
16049
16048
16046
16043
16040
16039
16035
16031
16028
16027
16022
16021
16019
16018
16017
16015
16007
16004
16000
15998
15995
15994
15992
15991
15989
15986
15984
15981
15980
15979
15978
15976
15969
15968
15965
15963
15962
15960
15957
15956
15955
15954
15953
15950
15947
15946
15945
15944
15943
15940
15939
15938
15937
15934
15933
15924
15923
15922
15918
15914
15913
15911
15910
15909
15904
15903
15901
15899
15898
15896
15895
15894
15892
15890
15889
15888
15887
15886
15884
15878
15877
15872
15869
15867
15866
15856
15855
15854
15853
15852
15851
15850
15849
15847
15846
15845
15844
15843
15842
15840
15839
15838
15835
15834
15828
15820
15818
15816
15815
15814
15813
15811
15809
15807
15806
15805
15804
15803
15802
15799
15798
15797
15794
15792
15784
15783
15779
15775
15770
15768
15767
15765
15764
15762
15761
15759
15749
15748
15747
15746
15744
15743
15740
15737
15736
15734
15733
15729
15728
15722
15721
15719
15718
15715
15714
15713
15711
15705
15704
15703
15698
15695
15694
15693
15692
15685
15682
15681
15679
15676
15675
15673
15670
15669
15665
15662
15659
15656
15654
15653
15646
15643
15640
15637
15635
15634
15632
15631
15629
15628
15627
15626
15625
15624
15623
15622
15619
15612
15611
15607
15605
15598
15597
15596
15595
15594
15589
15587
15586
15585
15582
15581
15578
15577
15574
15569
15568
15567
15566
15565
15562
15561
15558
15557
15556
15555
15552
15550
15549
15547
15545
15544
15540
15539
15538
15537
15536
15532
15531
15530
15529
15528
15526
15525
15521
15520
15519
15516
15515
15514
15513
15512
15511
15509
15508
15505
15502
15501
15500
15497
15494
15493
15491
15490
15488
15482
15481
15479
15478
15476
15474
15472
15471
15467
15466
15465
15462
15461
15459
15458
15457
15456
15453
15452
15450
15447
15446
15445
15443
15441
15438
15437
15434
15432
15429
15427
15424
15423
15421
15415
15414
15410
15408
15407
15404
15403
15400
15396
15394
15393
15388
15387
15384
15381
15380
15379
15375
15373
15369
15368
15364
15360
15358
15357
15356
15355
15354
15350
15349
15345
15343
15341
15339
15338
15336
15331
15329
15327
15326
15325
15324
15322
15314
15313
15311
15309
15308
15307
15306
15304
15302
15301
15300
15297
15296
15295
15293
15292
15291
15289
15288
15287
15286
15283
15281
15279
15278
15277
15275
15273
15272
15271
15270
15266
15265
15263
15261
15260
15258
15254
15252
15249
15247
15244
15242
15241
15240
15236
15235
15233
15232
15231
15227
15226
15225
15221
15216
15215
15214
15210
15208
15207
15206
15205
15204
15200
15198
15193
15192
15191
15190
15189
15188
15186
15185
15184
15181
15178
15176
15175
15174
15168
15166
15165
15163
15162
15161
15159
15157
15156
15155
15151
15150
15149
15148
15147
15146
15145
15142
15140
15134
15129
15128
15127
15125
15124
15123
15121
15119
15118
15116
15115
15114
15113
15112
15111
15107
15105
15104
15101
15100
15099
15098
15096
15095
15094
15093
15088
15086
15084
15079
15078
15077
15076
15075
15072
15071
15069
15068
15066
15062
15061
15060
15059
15053
15051
15050
15049
15046
15043
15042
15040
15038
15037
15036
15035
15032
15031
15029
15028
15027
15026
15024
15023
15021
15019
15017
15015
15013
15012
15011
15010
15009
15007
15000
14997
14995
14993
14990
14989
14987
14985
14984
14980
14979
14977
14974
14973
14972
14970
14969
14968
14967
14966
14965
14963
14962
14960
14953
14952
14949
14946
14945
14944
14938
14937
14936
14935
14934
14933
14928
14927
14926
14922
14919
14917
14915
14910
14909
14903
14901
14897
14896
14894
14892
14890
14889
14888
14884
14883
14882
14881
14879
14877
14876
14872
14870
14865
14863
14858
14857
14856
14851
14850
14849
14848
14846
14843
14842
14841
14835
14833
14832
14827
14826
14825
14824
14823
14822
14821
14820
14817
14816
14815
14813
14812
14811
14809
14808
14807
14805
14798
14797
14796
14795
14792
14791
14790
14789
14788
14784
14783
14782
14780
14778
14773
14772
14771
14769
14767
14764
14762
14758
14755
14750
14747
14745
14743
14741
14740
14737
14736
14734
14733
14732
14730
14729
14728
14726
14722
14719
14717
14716
14715
14714
14712
14711
14710
14708
14707
14706
14705
14703
14701
14697
14696
14693
14692
14691
14689
14688
14683
14681
14679
14678
14676
14674
14673
14672
14671
14667
14663
14662
14661
14660
14659
14657
14656
14655
14654
14652
14648
14644
14643
14641
14640
14639
14638
14635
14634
14633
14629
14628
14626
14620
14619
14618
14616
14614
14612
14610
14609
14605
14604
14603
14602
14601
14600
14598
14597
14595
14594
14591
14590
14589
14588
14586
14583
14582
14581
14577
14576
14572
14571
14570
14569
14567
14566
14565
14564
14561
14557
14556
14553
14551
14550
14547
14546
14543
14541
14539
14536
14535
14533
14529
14528
14523
14522
14520
14519
14518
14517
14515
14514
14512
14511
14507
14506
14501
14500
14498
14497
14496
14495
14493
14491
14488
14487
14481
14479
14478
14477
14476
14475
14473
14471
14469
14468
14467
14466
14464
14453
14450
14448
14443
14442
14439
14436
14435
14432
14430
14429
14428
14427
14424
14423
14419
14416
14413
14409
14402
14399
14398
14397
14395
14394
14393
14392
14391
14390
14389
14386
14385
14383
14381
14380
14378
14377
14376
14373
14371
14369
14368
14365
14364
14361
14360
14359
14358
14355
14353
14351
14348
14346
14345
14343
14341
14340
14339
14337
14335
14334
14333
14331
14329
14328
14327
14324
14321
14318
14315
14314
14312
14311
14310
14309
14308
14307
14306
14305
14304
14303
14293
14292
14290
14287
14285
14281
14278
14276
14273
14269
14265
14263
14261
14258
14257
14256
14254
14253
14245
14242
14240
14239
14238
14235
14233
14232
14231
14230
14229
14227
14226
14224
14223
14222
14218
14217
14213
14212
14208
14206
14205
14203
14201
14200
14199
14198
14191
14187
14186
14185
14184
14182
14181
14179
14176
14175
14174
14173
14171
14169
14166
14165
14162
14161
14159
14158
14157
14155
14154
14152
14150
14149
14148
14147
14146
14144
14143
14137
14135
14133
14131
14129
14122
14121
14120
14119
14117
14116
14114
14112
14111
14109
14107
14106
14102
14099
14097
14096
14094
14093
14089
14086
14084
14083
14082
14081
14080
14079
14078
14076
14075
14073
14072
14069
14067
14066
14065
14063
14060
14058
14055
14053
14051
14050
14048
14045
14043
14041
14040
14038
14037
14032
14031
14029
14027
14026
14025
14024
14023
14022
14021
14020
14019
14018
14017
14013
14012
14011
14007
14005
14003
14002
13999
13998
13996
13995
13992
13991
13988
13985
13982
13981
13980
13979
13977
13975
13974
13973
13972
13971
13969
13965
13963
13962
13961
13960
13955
13948
13947
13946
13944
13942
13941
13940
13939
13938
13937
13935
13934
13931
13928
13927
13925
13924
13922
13920
13918
13915
13914
13911
13910
13909
13907
13906
13905
13904
13902
13901
13898
13895
13894
13893
13892
13888
13887
13886
13885
13884
13882
13880
13874
13872
13870
13869
13868
13863
13859
13857
13856
13855
13852
13851
13850
13849
13848
13847
13846
13845
13843
13842
13841
13840
13837
13836
13835
13834
13833
13831
13830
13829
13826
13823
13818
13817
13816
13815
13814
13813
13812
13811
13810
13809
13807
13806
13805
13804
13802
13797
13796
13795
13793
13791
13786
13784
13783
13782
13777
13776
13773
13772
13771
13770
13769
13768
13764
13762
13761
13760
13759
13758
13757
13755
13754
13753
13752
13750
13748
13746
13745
13742
13739
13737
13735
13733
13732
13730
13729
13728
13725
13724
13721
13720
13719
13718
13717
13714
13712
13711
13710
13708
13705
13701
13694
13692
13690
13689
13688
13686
13682
13679
13676
13675
13673
13672
13671
13670
13668
13666
13665
13664
13663
13662
13656
13654
13649
13647
13646
13645
13644
13643
13641
13640
13639
13635
13633
13632
13628
13627
13626
13623
13621
13620
13619
13617
13616
13615
13614
13611
13609
13608
13607
13603
13601
13599
13598
13597
13595
13592
13590
13588
13586
13585
13582
13581
13580
13577
13576
13575
13573
13569
13568
13567
13564
13563
13559
13558
13557
13556
13555
13554
13553
13552
13548
13545
13543
13541
13540
13539
13538
13532
13531
13530
13528
13527
13526
13525
13523
13521
13520
13519
13516
13515
13514
13513
13510
13509
13508
13506
13504
13503
13501
13495
13494
13491
13488
13484
13482
13481
13480
13477
13475
13474
13473
13472
13471
13470
13466
13463
13461
13460
13458
13457
13455
13454
13451
13450
13448
13447
13446
13445
13443
13442
13441
13440
13438
13437
13436
13435
13433
13432
13422
13420
13419
13418
13414
13412
13411
13410
13408
13405
13404
13401
13397
13386
13384
13382
13381
13380
13375
13371
13368
13367
13366
13362
13359
13358
13357
13356
13352
13351
13349
13347
13343
13339
13338
13335
13331
13329
13328
13324
13323
13321
13320
13319
13317
13315
13314
13312
13311
13310
13307
13306
13305
13301
13298
13295
13292
13291
13289
13288
13287
13286
13285
13284
13282
13281
13278
13277
13275
13273
13272
13271
13270
13269
13268
13267
13260
13258
13256
13252
13251
13249
13247
13246
13245
13244
13243
13242
13240
13239
13238
13232
13230
13228
13227
13226
13222
13221
13214
13213
13207
13206
13205
13203
13201
13200
13199
13197
13196
13195
13192
13188
13182
13181
13179
13178
13173
13172
13170
13169
13168
13164
13163
13160
13157
13156
13155
13154
13152
13151
13146
13144
13143
13141
13140
13137
13136
13135
13132
13131
13130
13129
13128
13125
13124
13122
13120
13117
13116
13115
13114
13111
13108
13107
13104
13102
13099
13097
13096
13095
13092
13091
13088
13086
13080
13078
13076
13074
13073
13072
13071
13068
13067
13066
13065
13063
13062
13060
13059
13058
13057
13056
13055
13054
13052
13048
13046
13045
13044
13043
13040
13039
13034
13033
13030
13028
13027
13026
13024
13023
13022
13019
13017
13015
13014
13008
13007
13001
13000
12999
12998
12997
12996
12994
12992
12991
12990
12988
12985
12982
12981
12980
12978
12977
12976
12974
12969
12967
12964
12963
12962
12961
12959
12955
12950
12949
12947
12946
12944
12943
12942
12941
12940
12939
12937
12936
12934
12933
12930
12929
12928
12927
12925
12923
12922
12920
12919
12917
12916
12915
12914
12913
12911
12909
12907
12906
12905
12902
12901
12898
12897
12896
12895
12893
12890
12888
12887
12884
12881
12877
12876
12875
12873
12870
12869
12867
12866
12862
12861
12860
12858
12857
12851
12850
12848
12847
12846
12845
12844
12843
12842
12840
12839
12838
12836
12834
12832
12829
12828
12826
12824
12821
12819
12818
12816
12815
12814
12812
12811
12809
12803
12799
12797
12796
12792
12789
12785
12782
12781
12780
12779
12776
12771
12770
12768
12767
12764
12763
12762
12760
12756
12755
12754
12748
12747
12746
12744
12739
12736
12734
12732
12730
12728
12727
12726
12725
12724
12723
12721
12720
12719
12718
12713
12712
12711
12709
12708
12707
12703
12700
12699
12694
12691
12689
12682
12677
12676
12675
12673
12672
12671
12669
12667
12663
12659
12657
12656
12655
12654
12653
12651
12646
12643
12641
12640
12639
12638
12634
12633
12632
12631
12629
12628
12627
12626
12623
12621
12619
12618
12615
12612
12611
12610
12609
12607
12606
12605
12603
12601
12598
12597
12596
12595
12594
12593
12592
12591
12589
12588
12585
12584
12583
12580
12579
12577
12576
12575
12574
12572
12571
12568
12567
12566
12564
12563
12562
12561
12560
12557
12555
12553
12552
12550
12548
12546
12544
12538
12536
12535
12533
12531
12530
12527
12525
12524
12521
12519
12518
12515
12512
12509
12506
12504
12503
12501
12500
12499
12496
12494
12493
12491
12490
12488
12487
12486
12482
12481
12475
12474
12473
12471
12470
12465
12461
12460
12456
12455
12454
12452
12451
12449
12448
12447
12445
12442
12441
12438
12437
12436
12432
12428
12427
12426
12423
12422
12420
12414
12410
12405
12404
12401
12397
12396
12392
12391
12388
12385
12380
12374
12373
12368
12367
12364
12358
12357
12354
12353
12352
12351
12350
12347
12344
12342
12336
12332
12330
12328
12327
12325
12322
12320
12319
12318
12317
12314
12307
12303
12300
12298
12297
12289
12288
12287
12286
12283
12282
12281
12280
12279
12277
12272
12271
12267
12266
12264
12262
12261
12254
12250
12248
12247
12244
12240
12239
12236
12234
12233
12232
12231
12227
12226
12225
12223
12221
12220
12219
12218
12215
12211
12210
12208
12207
12206
12205
12204
12198
12196
12193
12192
12191
12189
12186
12185
12183
12180
12178
12175
12174
12170
12167
12166
12162
12158
12157
12151
12150
12149
12146
12145
12141
12140
12139
12137
12136
12135
12134
12133
12127
12126
12121
12119
12117
12115
12114
12113
12112
12111
12110
12108
12106
12104
12103
12102
12101
12098
12097
12093
12088
12087
12082
12078
12077
12076
12074
12070
12069
12065
12063
12062
12058
12057
12056
12055
12054
12049
12046
12044
12043
12042
12039
12038
12037
12036
12035
12034
12033
12031
12029
12027
12025
12024
12023
12022
12021
12019
12018
12016
12013
12012
12011
12007
12004
12003
12001
11999
11998
11996
11995
11993
11992
11990
11989
11987
11986
11985
11984
11981
11978
11977
11973
11972
11970
11969
11967
11966
11964
11962
11961
11960
11958
11957
11956
11955
11953
11950
11947
11945
11943
11942
11937
11934
11933
11930
11929
11928
11926
11921
11920
11919
11917
11915
11910
11909
11908
11904
11903
11902
11898
11896
11892
11891
11890
11889
11888
11887
11886
11882
11881
11880
11879
11878
11877
11872
11870
11865
11863
11862
11859
11856
11854
11853
11852
11851
11850
11849
11846
11844
11841
11839
11838
11834
11833
11831
11827
11826
11823
11822
11817
11816
11815
11813
11811
11810
11808
11807
11806
11804
11802
11797
11796
11795
11794
11792
11791
11790
11788
11787
11786
11784
11777
11776
11774
11773
11772
11771
11768
11766
11765
11762
11761
11760
11759
11758
11757
11752
11751
11749
11748
11746
11744
11743
11742
11738
11732
11729
11726
11722
11721
11718
11717
11716
11714
11712
11707
11706
11705
11704
11701
11700
11695
11691
11689
11688
11687
11685
11684
11679
11678
11677
11675
11674
11673
11672
11669
11666
11665
11664
11661
11659
11658
11653
11651
11650
11648
11647
11644
11642
11641
11635
11631
11630
11629
11626
11625
11624
11621
11618
11613
11610
11604
11602
11600
11598
11596
11595
11593
11590
11587
11585
11584
11583
11582
11581
11580
11577
11575
11574
11573
11572
11568
11567
11561
11560
11559
11558
11557
11551
11550
11549
11548
11547
11546
11544
11541
11539
11530
11527
11526
11525
11524
11523
11522
11521
11520
11518
11517
11516
11515
11512
11511
11505
11501
11500
11497
11495
11494
11493
11492
11491
11489
11486
11485
11483
11482
11480
11479
11478
11474
11471
11470
11469
11461
11460
11459
11458
11448
11446
11445
11444
11441
11439
11436
11435
11434
11432
11431
11430
11428
11423
11422
11420
11418
11414
11413
11411
11410
11409
11408
11407
11404
11403
11400
11396
11395
11393
11391
11390
11389
11388
11387
11386
11385
11383
11382
11378
11375
11374
11371
11369
11368
11366
11364
11362
11360
11359
11356
11353
11349
11348
11347
11346
11345
11343
11342
11341
11337
11332
11330
11327
11325
11324
11322
11317
11315
11314
11313
11312
11311
11308
11306
11304
11303
11302
11301
11295
11290
11288
11287
11285
11283
11282
11280
11279
11278
11276
11274
11271
11270
11267
11266
11265
11264
11263
11262
11261
11260
11258
11257
11256
11248
11246
11245
11244
11242
11241
11240
11238
11236
11235
11234
11233
11227
11225
11221
11214
11212
11210
11207
11204
11203
11202
11201
11198
11191
11189
11188
11186
11181
11179
11178
11176
11173
11171
11170
11169
11168
11167
11165
11162
11161
11160
11158
11157
11156
11155
11153
11151
11150
11146
11145
11144
11143
11142
11141
11140
11139
11138
11135
11134
11132
11130
11128
11127
11124
11122
11119
11114
11113
11111
11107
11105
11104
11102
11100
11098
11093
11092
11087
11085
11083
11082
11081
11080
11079
11078
11076
11075
11072
11066
11064
11063
11062
11055
11052
11050
11048
11042
11041
11039
11038
11034
11029
11028
11026
11023
11018
11017
11016
11015
11013
11012
11009
11006
11002
11000
10999
10997
10989
10988
10986
10985
10984
10978
10976
10974
10972
10971
10969
10967
10966
10963
10962
10958
10956
10953
10951
10950
10948
10943
10937
10935
10933
10931
10930
10929
10927
10926
10925
10924
10922
10921
10920
10919
10918
10916
10915
10910
10909
10908
10907
10905
10903
10902
10900
10898
10897
10896
10894
10892
10891
10890
10888
10887
10886
10879
10878
10877
10874
10872
10869
10864
10861
10858
10856
10855
10851
10850
10849
10847
10846
10844
10842
10839
10838
10837
10836
10834
10833
10831
10830
10829
10827
10825
10824
10823
10820
10818
10817
10816
10812
10811
10808
10806
10804
10802
10801
10800
10799
10798
10796
10792
10790
10789
10788
10787
10785
10782
10779
10777
10774
10773
10772
10770
10769
10765
10757
10756
10746
10741
10740
10739
10737
10733
10729
10727
10726
10725
10724
10723
10722
10721
10720
10719
10718
10717
10716
10714
10712
10711
10710
10708
10707
10706
10702
10701
10699
10698
10694
10693
10691
10690
10688
10683
10682
10678
10677
10676
10673
10672
10670
10669
10668
10665
10663
10661
10660
10659
10658
10657
10652
10651
10649
10648
10647
10643
10642
10641
10640
10639
10638
10637
10635
10632
10626
10624
10617
10616
10615
10614
10613
10612
10611
10609
10607
10605
10604
10603
10596
10595
10592
10591
10589
10588
10587
10586
10584
10577
10570
10569
10568
10566
10565
10560
10557
10552
10551
10550
10549
10547
10545
10544
10543
10540
10539
10538
10537
10536
10535
10532
10531
10530
10527
10525
10518
10515
10514
10509
10506
10505
10500
10499
10498
10497
10493
10491
10490
10489
10485
10483
10482
10480
10478
10476
10475
10474
10471
10470
10469
10468
10465
10464
10462
10461
10456
10455
10453
10452
10451
10450
10449
10445
10443
10442
10441
10438
10437
10432
10431
10430
10429
10428
10427
10426
10423
10422
10421
10420
10419
10417
10416
10414
10412
10407
10404
10403
10402
10400
10398
10397
10396
10395
10393
10391
10388
10385
10383
10382
10380
10378
10377
10376
10375
10374
10372
10371
10370
10369
10368
10367
10364
10363
10362
10361
10359
10357
10356
10354
10353
10351
10350
10346
10345
10342
10341
10339
10336
10333
10332
10331
10330
10328
10327
10326
10322
10321
10320
10319
10316
10314
10313
10311
10307
10302
10301
10297
10295
10294
10291
10288
10287
10286
10285
10280
10279
10277
10275
10272
10270
10268
10265
10263
10262
10261
10260
10256
10255
10249
10247
10246
10245
10243
10242
10241
10240
10236
10231
10225
10224
10223
10221
10219
10218
10217
10215
10211
10209
10207
10205
10204
10203
10202
10195
10192
10191
10189
10188
10187
10186
10183
10180
10176
10174
10173
10172
10171
10167
10166
10165
10163
10162
10158
10155
10154
10152
10149
10148
10145
10142
10141
10140
10138
10135
10132
10131
10130
10128
10125
10122
10120
10119
10118
10114
10113
10110
10109
10106
10103
10102
10101
10099
10098
10096
10092
10091
10090
10088
10085
10084
10083
10080
10079
10078
10076
10075
10074
10073
10071
10068
10065
10064
10063
10058
10056
10055
10052
10051
10050
10048
10044
10043
10039
10038
10034
10033
10032
10031
10030
10024
10023
10022
10020
10016
10013
10012
10011
10010
10009
10001
9998
9996
9994
9990
9988
9985
9983
9980
9978
9975
9973
9971
9969
9968
9967
9964
9963
9961
9956
9955
9953
9952
9951
9947
9946
9945
9944
9943
9941
9940
9939
9937
9936
9934
9932
9929
9928
9923
9922
9920
9919
9918
9917
9915
9912
9911
9908
9903
9901
9900
9899
9898
9897
9894
9889
9888
9885
9884
9882
9881
9880
9879
9878
9874
9873
9872
9865
9861
9860
9859
9858
9857
9855
9852
9850
9848
9847
9844
9840
9839
9838
9836
9835
9832
9831
9828
9827
9825
9821
9814
9811
9810
9809
9808
9807
9805
9804
9803
9802
9801
9798
9797
9795
9794
9793
9790
9786
9784
9780
9779
9776
9775
9773
9771
9769
9768
9764
9762
9760
9759
9756
9752
9751
9748
9747
9746
9745
9744
9743
9742
9739
9736
9734
9731
9728
9725
9724
9722
9721
9720
9718
9716
9715
9714
9712
9710
9708
9707
9702
9699
9697
9695
9693
9692
9689
9686
9684
9683
9682
9681
9679
9676
9673
9672
9671
9670
9666
9665
9664
9663
9662
9659
9655
9654
9653
9650
9648
9646
9644
9642
9638
9636
9635
9633
9632
9630
9629
9628
9627
9626
9624
9623
9619
9618
9615
9614
9613
9609
9608
9607
9606
9605
9604
9602
9600
9598
9597
9595
9594
9592
9587
9585
9580
9578
9577
9575
9574
9573
9571
9570
9565
9563
9561
9558
9554
9553
9552
9549
9547
9545
9543
9541
9540
9539
9537
9534
9528
9527
9522
9521
9519
9516
9513
9512
9508
9506
9505
9504
9503
9501
9500
9499
9498
9497
9496
9495
9494
9493
9492
9491
9490
9489
9488
9486
9483
9479
9478
9477
9472
9471
9470
9469
9468
9466
9462
9460
9458
9457
9456
9454
9453
9450
9449
9444
9442
9441
9436
9434
9433
9431
9430
9423
9422
9420
9416
9414
9412
9409
9408
9407
9405
9403
9401
9400
9399
9398
9397
9393
9391
9387
9383
9381
9380
9377
9374
9372
9370
9369
9367
9366
9363
9362
9358
9356
9355
9350
9347
9345
9344
9343
9341
9338
9337
9332
9331
9330
9329
9328
9326
9325
9324
9323
9321
9319
9318
9317
9316
9315
9310
9309
9308
9297
9291
9290
9287
9286
9285
9282
9281
9280
9279
9275
9273
9272
9271
9270
9269
9265
9263
9261
9260
9258
9253
9251
9244
9243
9238
9237
9232
9230
9226
9225
9223
9219
9218
9216
9214
9213
9211
9210
9207
9206
9205
9204
9200
9198
9196
9195
9194
9193
9192
9191
9189
9185
9184
9182
9179
9178
9177
9176
9175
9174
9173
9172
9171
9169
9165
9164
9163
9161
9160
9159
9157
9154
9151
9149
9148
9147
9143
9141
9132
9131
9129
9128
9126
9120
9119
9118
9116
9115
9113
9111
9107
9105
9103
9102
9101
9099
9096
9094
9092
9091
9088
9087
9082
9079
9073
9068
9065
9061
9059
9056
9054
9052
9049
9048
9047
9046
9045
9043
9038
9037
9036
9035
9034
9033
9031
9026
9025
9023
9019
9018
9016
9013
9012
9008
9007
9003
9001
8999
8998
8997
8996
8994
8992
8991
8986
8984
8980
8979
8978
8977
8976
8973
8972
8971
8967
8966
8965
8962
8960
8959
8958
8957
8956
8954
8952
8951
8950
8949
8948
8946
8945
8944
8943
8941
8940
8938
8937
8933
8930
8926
8925
8922
8921
8920
8919
8918
8917
8913
8911
8910
8909
8907
8905
8904
8903
8902
8900
8899
8897
8893
8892
8890
8888
8887
8884
8879
8878
8874
8872
8871
8870
8869
8868
8865
8864
8863
8861
8858
8857
8854
8850
8849
8846
8844
8843
8842
8839
8838
8837
8836
8831
8829
8828
8826
8823
8822
8819
8817
8814
8813
8810
8808
8807
8805
8804
8802
8800
8799
8798
8797
8795
8794
8793
8792
8790
8784
8781
8780
8778
8777
8776
8774
8771
8769
8768
8765
8764
8763
8762
8760
8759
8757
8753
8752
8751
8750
8749
8748
8747
8746
8740
8739
8734
8733
8732
8730
8728
8727
8726
8725
8724
8723
8722
8719
8718
8717
8715
8714
8713
8709
8706
8704
8701
8698
8697
8696
8695
8694
8692
8691
8685
8683
8681
8677
8675
8674
8671
8667
8665
8664
8663
8661
8660
8659
8657
8656
8655
8654
8653
8651
8649
8648
8647
8646
8640
8639
8638
8633
8632
8630
8627
8626
8623
8621
8618
8617
8616
8615
8613
8612
8610
8608
8607
8605
8604
8603
8602
8599
8598
8597
8594
8593
8588
8587
8586
8584
8583
8582
8579
8573
8572
8565
8563
8562
8559
8557
8555
8554
8553
8552
8551
8550
8549
8547
8545
8544
8543
8542
8541
8540
8539
8538
8537
8536
8534
8533
8532
8528
8527
8526
8525
8524
8519
8516
8515
8514
8508
8507
8505
8504
8502
8501
8500
8498
8496
8492
8491
8490
8487
8485
8484
8483
8481
8474
8473
8470
8469
8467
8464
8461
8460
8459
8458
8457
8453
8452
8451
8448
8445
8439
8436
8435
8433
8431
8430
8425
8423
8422
8418
8417
8416
8415
8414
8411
8410
8408
8406
8405
8403
8401
8399
8395
8394
8391
8389
8388
8387
8385
8381
8380
8379
8378
8377
8376
8373
8372
8371
8367
8366
8364
8361
8360
8359
8354
8352
8351
8350
8348
8346
8343
8342
8341
8340
8337
8336
8335
8334
8332
8330
8329
8328
8326
8325
8322
8317
8316
8314
8311
8310
8303
8302
8300
8297
8295
8292
8291
8288
8287
8277
8274
8273
8272
8270
8269
8268
8266
8255
8254
8252
8250
8248
8247
8246
8244
8243
8242
8241
8239
8238
8236
8234
8233
8228
8227
8225
8224
8223
8222
8221
8220
8219
8216
8215
8211
8208
8202
8200
8198
8197
8196
8195
8192
8190
8188
8185
8184
8183
8182
8181
8179
8177
8176
8174
8173
8171
8168
8167
8165
8163
8162
8160
8158
8157
8156
8155
8154
8153
8149
8148
8147
8146
8141
8140
8138
8137
8133
8130
8126
8125
8124
8123
8120
8116
8114
8113
8111
8110
8108
8107
8106
8105
8104
8102
8098
8097
8096
8095
8090
8089
8087
8083
8075
8074
8072
8070
8068
8066
8065
8064
8060
8059
8058
8056
8054
8052
8048
8046
8044
8041
8039
8032
8031
8029
8028
8027
8026
8024
8020
8019
8016
8015
8013
8010
8009
8008
8007
8006
8005
8002
8000
7999
7998
7995
7994
7993
7992
7990
7989
7988
7987
7985
7983
7980
7979
7978
7974
7973
7972
7970
7966
7965
7964
7963
7962
7960
7957
7956
7955
7953
7951
7950
7948
7947
7946
7945
7944
7943
7942
7939
7938
7936
7933
7930
7929
7928
7926
7923
7922
7915
7914
7913
7912
7910
7908
7906
7905
7901
7900
7899
7898
7897
7896
7894
7893
7892
7891
7887
7881
7880
7879
7878
7877
7876
7872
7871
7870
7868
7866
7861
7858
7856
7851
7850
7848
7845
7844
7843
7842
7840
7833
7831
7829
7828
7827
7826
7825
7824
7822
7820
7815
7813
7811
7810
7809
7808
7807
7804
7802
7801
7800
7799
7796
7794
7793
7791
7790
7789
7788
7786
7782
7780
7779
7776
7773
7770
7769
7767
7762
7760
7756
7754
7752
7749
7746
7745
7743
7742
7734
7733
7731
7730
7727
7719
7717
7716
7715
7711
7710
7709
7707
7706
7704
7702
7701
7700
7698
7697
7696
7694
7693
7691
7690
7687
7685
7683
7681
7678
7677
7675
7674
7673
7671
7668
7665
7663
7662
7660
7659
7657
7649
7648
7646
7644
7643
7642
7639
7638
7636
7633
7630
7629
7628
7627
7626
7624
7623
7620
7614
7613
7610
7602
7600
7599
7598
7597
7596
7595
7594
7593
7591
7590
7588
7587
7586
7585
7583
7581
7578
7575
7571
7568
7566
7563
7562
7560
7559
7558
7555
7554
7553
7551
7548
7546
7544
7541
7538
7533
7532
7531
7530
7529
7526
7523
7521
7520
7518
7515
7514
7513
7512
7507
7505
7504
7503
7502
7501
7500
7499
7497
7493
7492
7490
7489
7485
7484
7471
7468
7467
7466
7463
7462
7459
7457
7456
7454
7453
7450
7442
7441
7437
7431
7427
7425
7424
7420
7418
7415
7413
7411
7410
7406
7405
7403
7401
7400
7399
7397
7395
7394
7393
7392
7391
7390
7389
7386
7385
7384
7382
7381
7380
7376
7375
7373
7372
7369
7367
7366
7362
7360
7359
7357
7354
7353
7351
7348
7346
7345
7343
7342
7341
7340
7339
7335
7334
7333
7329
7327
7325
7324
7323
7322
7317
7316
7314
7311
7309
7308
7307
7303
7302
7297
7296
7293
7292
7288
7286
7285
7281
7279
7275
7272
7271
7266
7265
7264
7263
7262
7261
7260
7258
7254
7253
7251
7248
7247
7246
7243
7240
7239
7238
7236
7234
7233
7230
7226
7223
7221
7220
7218
7213
7212
7211
7210
7206
7205
7204
7203
7200
7199
7198
7197
7194
7193
7190
7188
7187
7185
7182
7180
7175
7174
7172
7170
7169
7167
7166
7165
7162
7160
7156
7153
7152
7151
7150
7149
7148
7146
7145
7143
7142
7139
7138
7137
7133
7132
7131
7130
7129
7127
7125
7122
7119
7115
7113
7111
7110
7109
7108
7106
7102
7100
7099
7098
7097
7096
7095
7090
7089
7086
7084
7083
7082
7081
7080
7078
7074
7073
7072
7071
7068
7066
7062
7061
7060
7059
7058
7057
7055
7054
7051
7050
7049
7048
7046
7043
7041
7037
7036
7030
7026
7025
7024
7023
7022
7021
7019
7012
7009
7006
7004
7002
7000
6996
6994
6989
6983
6981
6978
6976
6973
6969
6968
6966
6965
6964
6963
6961
6959
6958
6957
6956
6955
6954
6953
6951
6950
6947
6945
6944
6943
6939
6937
6935
6930
6929
6928
6925
6923
6922
6921
6920
6911
6910
6909
6908
6907
6904
6901
6898
6896
6895
6894
6893
6889
6888
6886
6883
6882
6879
6875
6872
6871
6870
6869
6868
6866
6865
6864
6862
6860
6856
6855
6854
6848
6847
6843
6841
6837
6836
6835
6834
6832
6828
6826
6825
6824
6822
6819
6818
6816
6814
6808
6807
6806
6801
6796
6794
6792
6790
6788
6787
6786
6785
6784
6783
6781
6779
6775
6774
6773
6771
6769
6767
6764
6763
6762
6758
6757
6755
6754
6753
6750
6747
6745
6742
6741
6737
6735
6734
6732
6726
6722
6721
6715
6713
6708
6707
6706
6705
6704
6699
6696
6695
6694
6692
6690
6684
6683
6681
6678
6677
6671
6668
6664
6663
6662
6661
6659
6658
6655
6652
6650
6649
6648
6647
6645
6643
6642
6641
6638
6637
6634
6632
6630
6629
6628
6625
6624
6623
6621
6620
6618
6617
6615
6611
6609
6608
6605
6604
6603
6601
6599
6597
6595
6594
6593
6591
6590
6588
6587
6586
6585
6582
6580
6579
6578
6577
6575
6574
6569
6568
6567
6565
6564
6563
6562
6556
6553
6544
6539
6538
6536
6533
6529
6528
6527
6526
6523
6522
6520
6519
6518
6516
6515
6511
6506
6504
6503
6502
6501
6495
6494
6493
6491
6490
6489
6487
6485
6484
6477
6472
6471
6469
6468
6466
6465
6464
6462
6456
6453
6449
6448
6447
6444
6441
6440
6439
6438
6437
6435
6433
6432
6430
6426
6425
6420
6418
6417
6416
6415
6412
6411
6409
6406
6405
6403
6402
6399
6396
6393
6389
6387
6384
6380
6373
6372
6371
6369
6368
6366
6365
6363
6360
6359
6358
6355
6353
6351
6350
6349
6347
6345
6344
6340
6339
6335
6334
6332
6331
6330
6329
6328
6324
6322
6318
6317
6316
6314
6312
6311
6310
6306
6304
6303
6300
6299
6297
6296
6295
6292
6289
6288
6286
6284
6281
6277
6275
6273
6272
6267
6264
6263
6262
6259
6258
6253
6252
6250
6249
6248
6246
6242
6241
6238
6237
6236
6233
6232
6229
6228
6227
6226
6225
6224
6223
6222
6219
6218
6217
6216
6213
6212
6211
6210
6208
6205
6203
6201
6199
6194
6192
6191
6190
6189
6188
6185
6183
6182
6181
6180
6179
6178
6172
6168
6167
6166
6163
6162
6159
6158
6157
6152
6144
6143
6142
6141
6140
6137
6135
6130
6129
6126
6125
6123
6122
6120
6117
6116
6114
6113
6111
6110
6109
6101
6100
6097
6096
6093
6092
6090
6088
6087
6084
6083
6082
6081
6080
6077
6075
6071
6069
6068
6066
6064
6060
6059
6058
6057
6055
6054
6046
6044
6040
6037
6036
6035
6034
6029
6028
6025
6024
6023
6017
6016
6009
6005
6004
6003
6001
5999
5998
5997
5996
5995
5991
5989
5987
5986
5985
5984
5983
5982
5979
5976
5974
5973
5972
5971
5970
5968
5966
5965
5964
5963
5962
5960
5959
5958
5957
5952
5948
5945
5944
5941
5939
5933
5932
5930
5929
5927
5924
5923
5922
5921
5920
5919
5916
5915
5913
5912
5911
5908
5907
5906
5903
5901
5900
5899
5894
5890
5889
5887
5886
5885
5880
5877
5875
5874
5872
5871
5867
5863
5861
5858
5852
5850
5847
5845
5843
5839
5837
5835
5834
5833
5832
5831
5830
5829
5826
5825
5822
5820
5819
5818
5817
5816
5813
5812
5809
5804
5803
5802
5800
5798
5797
5792
5791
5788
5785
5782
5779
5777
5776
5766
5765
5764
5761
5759
5757
5755
5741
5739
5738
5737
5736
5735
5734
5732
5731
5730
5729
5728
5726
5725
5721
5718
5717
5714
5712
5710
5709
5707
5705
5704
5701
5699
5698
5697
5696
5691
5689
5688
5687
5685
5684
5682
5680
5677
5676
5675
5673
5670
5669
5664
5663
5662
5661
5660
5659
5658
5656
5655
5653
5652
5650
5648
5647
5646
5644
5638
5634
5630
5628
5627
5626
5624
5621
5620
5616
5614
5613
5612
5611
5610
5608
5607
5601
5599
5598
5596
5593
5589
5588
5584
5582
5581
5578
5574
5573
5571
5570
5569
5568
5567
5564
5562
5560
5557
5556
5554
5553
5552
5551
5550
5549
5548
5545
5543
5542
5540
5539
5538
5536
5535
5530
5529
5526
5522
5520
5517
5515
5508
5505
5502
5500
5499
5497
5488
5485
5484
5483
5474
5472
5470
5469
5468
5466
5462
5460
5456
5455
5452
5445
5444
5439
5438
5435
5434
5431
5430
5429
5427
5426
5425
5423
5421
5420
5418
5417
5416
5414
5413
5409
5407
5405
5404
5403
5402
5400
5399
5395
5394
5393
5392
5390
5388
5376
5373
5372
5371
5370
5369
5366
5365
5363
5361
5359
5358
5357
5354
5352
5351
5350
5349
5343
5341
5340
5339
5338
5337
5336
5333
5332
5330
5328
5327
5326
5324
5323
5321
5319
5318
5317
5316
5315
5314
5313
5312
5310
5309
5308
5307
5306
5305
5304
5301
5299
5298
5297
5296
5295
5292
5290
5289
5288
5287
5285
5284
5280
5279
5275
5273
5271
5270
5269
5266
5265
5261
5259
5257
5255
5252
5251
5249
5248
5246
5244
5242
5240
5237
5235
5234
5231
5230
5229
5228
5227
5225
5223
5221
5218
5217
5216
5214
5213
5211
5208
5207
5206
5205
5202
5201
5200
5199
5198
5196
5192
5190
5189
5188
5187
5185
5181
5179
5177
5176
5175
5171
5170
5167
5165
5164
5163
5162
5160
5159
5156
5154
5153
5151
5148
5147
5146
5145
5144
5143
5142
5141
5140
5138
5137
5136
5135
5134
5130
5129
5123
5120
5119
5118
5117
5114
5112
5109
5108
5106
5105
5104
5101
5100
5099
5098
5097
5096
5094
5089
5087
5084
5083
5079
5078
5077
5073
5068
5067
5066
5065
5064
5063
5062
5060
5058
5056
5055
5053
5052
5051
5049
5047
5046
5043
5040
5037
5034
5033
5032
5029
5028
5026
5024
5023
5022
5018
5016
5015
5013
5012
5008
5005
5004
5003
5000
4999
4998
4996
4995
4993
4992
4991
4983
4982
4981
4977
4975
4973
4971
4969
4966
4965
4963
4962
4961
4960
4956
4954
4953
4951
4949
4948
4943
4941
4940
4939
4938
4936
4933
4931
4930
4928
4927
4925
4923
4922
4918
4916
4914
4913
4910
4908
4906
4905
4904
4903
4901
4899
4895
4893
4889
4888
4886
4885
4883
4882
4880
4877
4873
4872
4869
4865
4863
4862
4859
4858
4855
4854
4850
4845
4842
4841
4839
4838
4836
4835
4831
4830
4829
4824
4820
4819
4817
4813
4812
4810
4808
4806
4805
4803
4799
4798
4797
4796
4793
4790
4789
4788
4786
4779
4778
4775
4772
4771
4767
4763
4762
4761
4757
4756
4755
4753
4752
4750
4748
4746
4744
4743
4741
4737
4734
4733
4732
4731
4730
4729
4728
4727
4723
4721
4719
4717
4715
4714
4713
4710
4709
4704
4699
4698
4697
4695
4693
4692
4689
4688
4687
4685
4684
4681
4680
4679
4677
4674
4673
4672
4670
4669
4668
4666
4665
4662
4660
4658
4657
4654
4652
4650
4648
4645
4642
4641
4639
4638
4636
4635
4634
4630
4629
4628
4627
4626
4625
4624
4623
4621
4618
4617
4615
4613
4612
4610
4605
4604
4603
4600
4599
4595
4594
4592
4591
4590
4587
4586
4584
4582
4581
4571
4567
4566
4565
4564
4561
4560
4559
4557
4556
4555
4554
4553
4551
4549
4548
4546
4545
4543
4541
4537
4533
4532
4531
4529
4525
4524
4523
4521
4518
4514
4512
4511
4509
4508
4507
4506
4505
4504
4503
4502
4501
4498
4497
4491
4490
4489
4487
4486
4485
4484
4474
4471
4469
4468
4467
4462
4459
4457
4456
4454
4451
4447
4445
4444
4443
4441
4438
4436
4433
4431
4428
4427
4425
4424
4420
4416
4415
4414
4413
4408
4407
4405
4401
4400
4397
4396
4394
4393
4392
4389
4388
4387
4385
4384
4383
4382
4381
4380
4377
4374
4370
4368
4367
4365
4363
4362
4361
4360
4359
4356
4355
4354
4353
4351
4347
4346
4345
4340
4335
4333
4332
4331
4329
4326
4325
4324
4321
4320
4319
4318
4316
4314
4311
4307
4306
4304
4303
4301
4296
4295
4294
4292
4291
4289
4287
4286
4285
4284
4282
4281
4277
4276
4275
4274
4273
4265
4261
4258
4256
4255
4253
4252
4251
4248
4247
4246
4245
4243
4242
4241
4238
4237
4236
4233
4232
4223
4220
4219
4218
4217
4215
4211
4210
4209
4206
4205
4203
4201
4197
4193
4191
4189
4186
4184
4183
4182
4180
4178
4177
4175
4174
4172
4168
4167
4166
4165
4164
4162
4161
4159
4156
4152
4149
4147
4146
4144
4143
4142
4140
4139
4138
4134
4133
4132
4131
4128
4127
4126
4125
4122
4121
4120
4115
4114
4113
4112
4109
4103
4097
4096
4095
4094
4091
4090
4089
4088
4085
4081
4078
4076
4072
4069
4068
4066
4065
4062
4061
4060
4059
4058
4056
4053
4052
4051
4048
4047
4044
4043
4041
4039
4038
4037
4033
4032
4030
4026
4025
4023
4022
4020
4019
4016
4015
4014
4013
4009
4008
4006
4003
4001
3999
3990
3989
3986
3985
3983
3981
3980
3979
3977
3973
3971
3970
3969
3967
3965
3962
3959
3956
3955
3954
3951
3949
3948
3946
3944
3943
3938
3933
3931
3930
3929
3928
3927
3925
3922
3920
3919
3918
3916
3915
3913
3912
3909
3906
3905
3901
3895
3892
3891
3887
3886
3883
3880
3878
3877
3874
3869
3868
3867
3866
3861
3859
3852
3849
3847
3845
3844
3843
3841
3839
3836
3832
3827
3825
3824
3820
3818
3817
3815
3812
3811
3809
3806
3805
3803
3801
3800
3799
3797
3795
3791
3790
3787
3786
3785
3783
3781
3780
3779
3778
3774
3770
3768
3767
3766
3765
3764
3763
3758
3754
3753
3750
3749
3742
3740
3737
3736
3735
3734
3733
3732
3730
3729
3724
3721
3720
3719
3718
3717
3716
3714
3713
3709
3707
3706
3703
3702
3699
3696
3694
3692
3690
3688
3687
3686
3685
3682
3677
3676
3674
3672
3668
3665
3662
3659
3656
3655
3653
3652
3651
3648
3647
3644
3643
3637
3636
3630
3625
3623
3622
3619
3617
3616
3614
3611
3610
3609
3604
3603
3602
3601
3599
3596
3595
3588
3587
3585
3584
3582
3580
3578
3576
3574
3573
3568
3567
3564
3562
3561
3558
3557
3553
3549
3547
3543
3540
3539
3538
3530
3529
3527
3526
3525
3524
3523
3522
3520
3519
3518
3517
3516
3515
3514
3513
3511
3509
3507
3506
3500
3499
3495
3492
3490
3489
3488
3487
3486
3485
3484
3483
3481
3473
3472
3469
3468
3464
3457
3455
3454
3448
3444
3443
3440
3438
3437
3436
3433
3432
3427
3426
3421
3420
3419
3417
3413
3412
3411
3410
3408
3407
3404
3403
3402
3398
3396
3394
3392
3391
3388
3386
3385
3383
3382
3381
3380
3378
3377
3376
3375
3374
3373
3372
3371
3369
3368
3365
3357
3355
3354
3353
3352
3350
3348
3347
3343
3342
3340
3337
3336
3334
3333
3331
3326
3324
3323
3319
3318
3312
3310
3309
3307
3306
3305
3304
3303
3302
3299
3298
3297
3295
3293
3291
3287
3286
3285
3284
3282
3281
3276
3275
3273
3272
3271
3268
3267
3266
3265
3263
3261
3257
3256
3255
3254
3253
3252
3251
3250
3249
3248
3244
3243
3242
3241
3235
3231
3230
3228
3227
3226
3225
3224
3221
3220
3219
3215
3212
3211
3210
3208
3207
3206
3203
3202
3201
3200
3198
3195
3191
3187
3183
3179
3178
3175
3169
3167
3164
3162
3161
3159
3156
3155
3153
3151
3150
3149
3145
3144
3143
3141
3140
3139
3138
3137
3133
3130
3128
3125
3121
3118
3117
3116
3115
3114
3111
3110
3109
3106
3105
3102
3101
3099
3097
3092
3089
3088
3087
3084
3083
3082
3081
3080
3079
3075
3073
3072
3068
3066
3063
3060
3059
3057
3056
3055
3054
3052
3051
3047
3046
3045
3042
3040
3039
3033
3032
3030
3028
3026
3025
3020
3017
3016
3015
3012
3008
3005
3002
3001
2999
2998
2996
2995
2994
2992
2991
2990
2987
2985
2982
2981
2979
2977
2976
2974
2971
2970
2967
2966
2964
2962
2960
2959
2958
2957
2956
2954
2953
2951
2949
2948
2947
2944
2943
2941
2936
2935
2934
2933
2931
2930
2929
2926
2924
2923
2922
2921
2917
2914
2913
2910
2909
2906
2905
2904
2903
2902
2901
2900
2897
2896
2886
2883
2876
2875
2873
2869
2864
2863
2861
2860
2857
2856
2851
2848
2847
2845
2843
2842
2837
2835
2833
2831
2830
2828
2827
2825
2824
2823
2822
2820
2819
2814
2813
2812
2811
2810
2808
2807
2802
2801
2798
2797
2795
2794
2793
2790
2788
2787
2782
2781
2777
2774
2773
2772
2771
2770
2769
2768
2767
2766
2765
2764
2763
2762
2759
2756
2752
2750
2749
2748
2747
2746
2745
2742
2740
2738
2735
2734
2733
2732
2730
2727
2726
2725
2723
2722
2718
2717
2714
2710
2708
2706
2705
2704
2703
2702
2701
2698
2696
2695
2694
2693
2692
2690
2688
2679
2677
2676
2675
2670
2666
2665
2664
2663
2662
2661
2658
2657
2655
2654
2649
2648
2642
2641
2637
2635
2633
2632
2629
2626
2624
2623
2622
2621
2620
2619
2618
2613
2612
2610
2608
2607
2606
2605
2604
2600
2598
2596
2595
2593
2592
2591
2590
2587
2586
2583
2579
2578
2574
2573
2572
2570
2566
2565
2563
2562
2561
2559
2558
2557
2554
2552
2550
2549
2545
2544
2543
2542
2540
2537
2536
2535
2531
2530
2528
2527
2526
2523
2522
2519
2516
2511
2510
2509
2507
2505
2501
2498
2496
2494
2492
2491
2490
2486
2485
2483
2482
2481
2479
2476
2475
2471
2468
2465
2462
2460
2459
2456
2450
2447
2444
2442
2439
2438
2435
2434
2433
2432
2431
2428
2427
2426
2423
2420
2419
2416
2413
2412
2410
2407
2406
2402
2400
2394
2392
2389
2388
2386
2384
2382
2381
2377
2375
2374
2373
2369
2367
2366
2365
2364
2359
2357
2356
2354
2353
2352
2351
2350
2349
2337
2333
2328
2326
2325
2324
2321
2320
2319
2318
2316
2315
2313
2306
2305
2304
2302
2300
2299
2298
2297
2294
2293
2290
2288
2285
2284
2281
2280
2278
2276
2272
2271
2265
2263
2262
2259
2258
2257
2256
2255
2254
2251
2250
2249
2247
2243
2242
2238
2237
2236
2235
2234
2233
2231
2230
2229
2227
2225
2223
2221
2219
2218
2216
2215
2214
2213
2210
2208
2205
2204
2203
2198
2197
2196
2194
2192
2191
2190
2189
2187
2183
2181
2180
2179
2178
2171
2170
2169
2165
2164
2160
2159
2153
2151
2150
2147
2146
2144
2141
2140
2133
2132
2131
2130
2128
2127
2126
2123
2121
2119
2118
2117
2116
2115
2114
2110
2102
2101
2097
2095
2094
2092
2089
2088
2086
2085
2084
2082
2081
2080
2077
2076
2075
2074
2071
2068
2062
2058
2056
2055
2054
2052
2050
2049
2046
2045
2044
2042
2040
2039
2038
2034
2033
2032
2031
2030
2027
2026
2025
2024
2023
2021
2018
2017
2014
2013
2010
2008
2007
2003
2001
2000
1998
1997
1995
1994
1993
1990
1988
1986
1985
1983
1980
1977
1976
1975
1971
1969
1968
1967
1964
1963
1956
1953
1952
1951
1944
1943
1940
1938
1937
1936
1934
1931
1929
1923
1921
1919
1918
1917
1916
1914
1913
1911
1910
1906
1905
1904
1902
1899
1893
1892
1891
1890
1889
1887
1885
1884
1883
1880
1877
1875
1873
1867
1865
1864
1861
1858
1857
1856
1855
1853
1851
1849
1844
1838
1837
1834
1832
1831
1829
1828
1827
1826
1825
1824
1820
1819
1818
1817
1815
1813
1812
1810
1809
1808
1807
1804
1803
1802
1801
1798
1795
1789
1788
1787
1783
1781
1779
1778
1777
1776
1772
1771
1769
1768
1766
1762
1761
1760
1757
1754
1752
1749
1743
1742
1738
1734
1733
1732
1731
1729
1728
1726
1722
1721
1720
1717
1714
1713
1712
1711
1710
1704
1703
1702
1698
1695
1694
1693
1692
1691
1690
1689
1688
1685
1682
1680
1679
1678
1677
1676
1675
1673
1672
1671
1667
1663
1662
1661
1659
1657
1656
1652
1651
1650
1647
1645
1644
1643
1642
1640
1636
1635
1634
1631
1630
1629
1628
1627
1626
1622
1619
1616
1614
1612
1609
1604
1603
1595
1589
1586
1585
1582
1579
1578
1575
1573
1572
1571
1569
1564
1563
1562
1561
1560
1559
1558
1557
1555
1552
1551
1550
1548
1547
1545
1544
1543
1541
1540
1539
1537
1536
1534
1533
1530
1529
1527
1525
1524
1523
1521
1520
1519
1518
1516
1513
1511
1509
1507
1505
1504
1502
1499
1498
1491
1488
1487
1486
1484
1480
1477
1476
1473
1472
1471
1470
1468
1466
1465
1464
1463
1462
1460
1455
1454
1453
1452
1448
1446
1438
1435
1433
1431
1428
1427
1425
1423
1422
1421
1420
1419
1418
1416
1415
1414
1413
1406
1401
1400
1398
1397
1396
1395
1393
1392
1390
1389
1388
1387
1385
1382
1379
1376
1375
1374
1373
1372
1371
1370
1368
1367
1363
1362
1360
1357
1355
1352
1351
1344
1343
1339
1338
1332
1331
1329
1328
1325
1322
1321
1320
1319
1317
1315
1313
1308
1307
1303
1300
1298
1296
1295
1293
1292
1289
1288
1286
1284
1281
1279
1276
1275
1274
1273
1270
1269
1268
1267
1266
1265
1264
1262
1261
1258
1257
1256
1255
1254
1252
1250
1249
1248
1247
1244
1243
1242
1239
1238
1235
1232
1230
1227
1226
1225
1223
1222
1221
1218
1214
1212
1204
1199
1198
1196
1193
1192
1191
1190
1188
1187
1186
1185
1184
1183
1179
1178
1177
1176
1175
1174
1169
1168
1166
1165
1161
1160
1157
1151
1148
1146
1144
1143
1142
1140
1138
1135
1134
1132
1131
1129
1127
1126
1122
1121
1119
1116
1113
1112
1108
1107
1104
1101
1100
1099
1098
1097
1096
1093
1091
1088
1087
1086
1085
1082
1081
1080
1077
1075
1073
1071
1070
1069
1066
1065
1062
1059
1058
1057
1056
1053
1052
1051
1050
1047
1046
1043
1041
1040
1039
1038
1033
1032
1030
1028
1027
1026
1024
1017
1016
1014
1013
1011
1010
1009
1007
1005
1003
1001
999
985
984
983
981
980
976
975
971
970
969
966
965
963
959
958
957
954
948
947
942
936
935
933
930
929
925
924
923
919
918
909
908
906
903
899
898
897
896
894
893
889
887
886
885
884
881
880
879
878
876
874
873
870
867
864
863
861
859
857
851
850
849
844
841
838
836
835
834
831
830
829
828
827
824
822
820
815
814
812
808
807
806
797
795
782
777
776
771
768
766
763
760
757
756
755
753
751
750
749
748
745
744
743
742
740
739
737
735
734
733
731
730
726
725
721
720
719
716
714
713
708
707
706
701
700
697
694
692
690
688
687
682
680
679
678
677
675
673
672
670
669
667
665
664
663
656
654
652
651
650
649
645
644
640
639
638
637
636
632
631
630
629
628
625
622
621
619
617
615
614
612
611
609
607
606
605
604
601
600
597
596
591
590
588
586
585
584
583
578
576
573
572
571
570
569
568
567
565
564
563
562
561
559
557
556
555
554
553
552
550
544
543
542
540
539
538
535
533
531
527
525
522
518
517
516
513
509
508
504
502
500
498
496
492
487
486
485
478
473
470
469
467
465
462
458
456
451
449
447
446
445
443
439
437
435
433
429
428
427
426
425
424
423
422
419
417
408
406
405
404
403
402
401
400
399
397
394
393
392
391
390
387
385
382
381
374
372
370
369
368
364
362
361
359
358
355
354
352
350
349
347
346
345
344
342
341
340
339
337
336
332
330
328
327
324
322
320
317
316
314
312
311
308
307
304
303
302
301
300
298
295
294
293
292
291
289
284
280
278
277
276
274
267
262
261
259
255
252
251
247
246
243
242
241
240
237
235
234
232
231
230
228
226
224
222
220
219
218
217
216
214
211
210
209
208
207
206
205
203
199
195
194
191
188
187
186
185
183
182
181
179
178
175
170
169
165
164
163
162
160
159
155
151
149
147
146
145
144
143
139
137
136
135
134
133
128
127
126
125
123
122
120
119
118
116
115
114
113
112
110
109
108
103
99
98
93
90
88
87
85
84
83
82
81
79
78
77
76
74
73
72
71
68
67
66
64
62
61
60
56
51
44
43
42
40
39
35
30
29
27
24
22
20
19
16
15
14
12
6
1
0
