16384
4700
16011
2839
8361
7068
8443
22333
6213
16896
12135
21893
6144
19608
20917
9791
11968
15544
1421
1251
20568
80
9862
15836
18391
5256
31742
20428
5195
26164
4076
24047
27814
27495
870
12687
23911
32149
2929
7198
6384
19517
29176
7829
11018
21954
5419
16695
31402
156
14967
29760
20298
31108
5351
23260
15720
6146
16364
29297
13557
30270
26147
16940
17527
6475
29565
2477
9492
2456
27484
1198
10889
14781
12930
31796
14965
6156
6398
5328
51
18514
14415
623
17923
18770
4235
31674
28875
3298
22752
12036
16869
20615
13311
26077
24085
23091
5584
2245
21502
8420
9367
28403
7371
12358
21314
5603
16722
4590
738
15084
20741
11952
13496
27314
15708
8274
12065
28523
3394
2677
2983
14186
27935
30060
306
24144
3608
3818
1918
9679
3737
11666
25081
4901
15528
24133
21092
31943
17067
3285
32201
6559
6383
25337
25659
253
31757
21640
2493
14648
22157
28740
4832
6339
30637
1926
5399
24231
19719
4593
8790
3905
17032
16823
7251
11548
32592
24802
15839
11013
4810
22457
19998
28365
10649
315
8422
22715
20146
8601
4723
15263
9017
26971
14469
24013
31823
30612
27785
27086
31140
23086
10629
18557
26270
9053
6880
7835
5350
25593
12838
21384
4029
27793
16618
26364
13336
28122
42
30056
5356
25005
15299
16476
13238
6795
25345
24910
19790
29719
10613
23505
5476
28490
15105
21182
10485
20449
7615
871
29383
15360
10616
19845
17549
3219
26908
28351
3624
5679
19388
12178
801
30580
32514
26141
649
12697
17162
9370
2600
32404
4258
19688
6053
3793
32346
17552
3939
26054
3503
32574
237
6397
29762
10451
21403
7073
30252
239
21084
6422
5391
790
31133
29492
31142
27808
22864
15968
30096
15002
32045
28660
17647
29890
27563
17890
17739
30854
2213
27928
5831
2897
4792
19155
5448
1940
16117
6437
31809
23163
707
1148
22735
573
21969
8857
19305
17400
10447
10242
1614
11924
15382
11992
31518
20857
18933
15167
21128
15811
9026
22424
7080
13349
32463
2586
15463
11474
4182
2037
23947
28253
6573
32379
8020
25416
18297
13338
9742
16424
20297
29538
15089
23642
28582
29939
7110
18036
22310
24561
5755
23996
31756
13842
19696
28545
6170
3801
19603
32319
20044
2255
24666
17564
7057
14325
12014
13346
21213
21948
24070
11236
15456
18209
19501
21535
28032
1616
431
12882
1804
27106
20764
11882
4862
26403
4582
28047
23305
13144
19250
13907
2017
7082
6426
17431
10127
31871
6735
8973
24269
9348
29239
26371
26681
2733
28963
21676
2295
21806
6420
30408
14026
18793
25287
18352
16182
30324
24483
25963
22762
3715
5225
4117
12528
10004
1223
15402
16760
16997
27390
11925
31739
25653
17747
10101
32673
17675
1893
1418
16201
9483
19395
11108
18290
20834
21591
23265
10979
7071
9097
31439
26829
13142
12432
14797
4452
29773
8352
27987
20388
13263
8104
24214
8762
14910
8681
8978
14778
27945
20963
288
27121
9547
29613
20287
4430
3160
10853
2676
1194
9491
13574
13272
600
21296
30294
18851
26899
11773
26543
6188
4134
29747
12398
31728
15997
11129
7734
5812
22460
2117
20219
5728
31161
28763
29451
20240
19952
31274
21354
24387
32762
29554
3491
31155
22931
8283
8556
5503
4186
19011
27800
24999
23441
18713
24026
2805
14295
20392
15809
32728
14157
31339
24179
2701
23296
18823
25772
28603
25123
5530
7141
17902
17178
25596
12053
8586
24137
4917
28319
13397
20713
6857
31750
5192
2873
30086
1147
29251
29162
31340
21951
3233
23769
8354
2715
17231
27631
18726
1439
2557
19304
8579
3332
14924
18858
15265
32065
29746
3200
16005
222
19074
7504
16410
29945
31713
15302
30863
16653
24981
12303
4846
23228
29537
5626
24629
25565
2187
7333
29475
19359
16633
8593
5121
16393
20350
24276
18378
27914
24279
29409
1713
18136
32144
30062
32545
32607
32132
8048
29955
14920
7560
23215
9544
10806
28196
17532
32644
28002
11293
13259
3514
9358
29805
21572
31733
18639
5020
31010
4318
24440
97
3214
4330
1612
975
3691
22893
10190
25882
10835
11687
21929
6500
8844
21538
8281
17470
31880
30394
23270
5348
1087
21309
13876
32025
13530
26317
7037
14487
14403
29074
3070
19262
3301
12287
16606
14257
22169
3642
11771
7888
14308
18488
14273
8923
27445
11426
23999
3900
13724
16366
5113
32654
5420
24873
24122
30331
29733
834
3548
23831
2722
12539
26995
4971
6738
852
24887
32247
8757
2542
21269
14106
21059
6126
29874
17016
15896
16451
25043
27949
4980
5790
5706
25362
27682
11731
17040
25181
11100
6942
20268
23219
9305
28095
22206
23185
27463
21121
9199
24684
19095
26144
9879
20704
211
20441
2410
11201
7340
20839
32345
10745
795
18223
6214
15166
20051
28904
9773
10008
7988
12243
23885
3500
25859
4685
30357
26894
8733
18008
3938
31526
26985
15586
6006
11436
14265
29391
20711
31531
14974
13514
8821
15125
13807
7682
9336
18769
16585
23791
28096
17024
19787
12964
5941
25683
5697
17707
3892
26143
14139
16120
7652
13532
7649
23205
19979
15963
13414
23291
23338
11852
12214
11586
8879
27889
3808
7698
28601
6358
21655
31797
2513
13294
18055
10032
23611
29216
5822
11778
19357
9046
30445
5801
14908
27078
8884
12000
16519
21328
9008
10338
27612
25004
5352
476
27506
10509
12706
14949
7248
29531
28472
12833
21478
30668
31369
2695
22357
10856
24062
30024
20688
16868
9479
6854
8955
28360
24383
22060
8847
6476
2429
8926
8850
22012
28068
17325
959
25484
21866
11440
9678
10375
19896
17346
25059
12704
26332
14
10852
27174
7149
15257
8225
3098
26932
11296
30276
5451
3352
25164
23419
32075
32459
13293
671
11646
23472
3685
12727
11800
8073
31675
25073
7598
20861
6939
4492
29137
6911
24867
32406
32529
13679
6807
21381
8887
11704
16084
7896
23017
11746
32359
31099
31581
28454
31812
19370
12660
14986
21563
1906
17658
24402
30177
5606
1379
4200
19379
16916
9917
11951
7572
4168
22839
3901
29120
22738
28411
8618
24330
23409
8424
248
13810
25214
29967
28612
1783
2423
32395
3927
4338
7019
6321
9161
27908
994
10530
27628
3423
23045
24436
23234
23119
29083
28819
32759
15868
2454
3062
27713
8249
9690
26628
16745
4778
19133
1639
8896
18269
8615
8379
16991
734
18097
24871
21996
29718
6428
8346
7342
29562
11930
2851
29624
18039
32740
21442
25735
11127
3294
22950
4560
7124
16586
30421
23299
26455
15627
19876
23834
19886
10820
23
26509
24199
9466
7112
5700
5117
12033
29786
26026
29607
116
21964
7076
10435
17354
316
9060
32398
18565
16602
22213
19537
22307
31822
27262
2818
18536
15171
29458
4697
1734
27714
29908
19837
28838
22269
23892
6474
25086
23697
609
799
18040
25643
8436
8021
27584
15285
29876
4437
26391
13417
15724
19116
22120
4601
30815
1267
22708
6338
23808
29561
22837
7312
11046
771
6542
28471
3312
22456
14477
2503
25253
30608
7902
806
30611
12334
2766
21492
29419
29975
10989
16242
22032
19638
19669
25070
30796
19816
22934
9315
28419
9448
6967
6097
7159
17292
4496
31311
19134
14128
15159
2803
26576
16302
13718
353
895
10025
15777
25197
21159
29771
14851
31478
2653
29139
21116
21112
22775
10913
16158
32302
11770
5971
18482
20507
6983
32531
2182
16204
4295
3033
20893
7176
30298
30671
12517
2342
15050
1405
20539
157
28364
30833
27359
2495
14642
18142
29480
8641
2962
17088
6617
19289
1340
22902
30079
8410
14691
2216
29938
30661
7646
20812
19543
10764
19559
23039
32632
12195
5856
11861
13821
7229
2394
28141
12774
4300
22398
10506
20474
16764
3672
27966
31745
18260
10870
17791
12132
23325
3146
6359
25305
20034
15522
22361
27990
18891
1144
25658
11657
30010
13623
32265
30682
21569
15218
27308
95
22189
1316
26633
21162
7457
12183
11610
7874
902
11985
10636
7793
4704
18969
12825
23624
25562
19150
6842
8024
15618
20083
22365
8296
13711
21986
6275
25157
21678
5217
29846
28928
17371
14008
26858
24706
2152
1721
11088
2148
24997
20074
6178
23363
6862
26017
6852
26937
20314
29542
28457
22
26286
10860
29691
27012
13504
31480
6936
28497
7648
31435
2633
19569
5664
5076
9451
14857
15024
17352
21264
16704
28081
258
20238
27120
15762
31965
26419
30171
23147
23331
19061
27910
29456
27357
2024
28089
17894
29625
25532
1797
11216
11715
10737
21820
2581
17935
8649
442
14480
13922
11826
13502
8490
21089
25002
25999
5014
12123
17085
28458
26308
17841
2233
1472
23135
12098
19988
15448
6181
10158
9872
23804
12609
1953
25196
32177
23800
8989
10399
10319
16899
6451
29708
28991
17657
10160
10196
9168
1768
21693
25138
16151
18340
26256
16510
27075
937
12976
14657
32410
23077
4811
9193
17184
5836
20302
22689
12917
12972
15647
16490
26412
18300
23074
17153
13792
8
14882
21553
6554
8972
18991
10664
30129
16685
3635
32703
28334
22789
21331
15181
17927
12059
31911
12220
29506
19985
32341
13936
9289
3319
5338
24216
9957
3428
31707
14280
5273
8306
21042
6678
30715
9860
8040
7016
29291
6517
9320
14129
4129
27947
14740
18408
13377
15415
23490
19571
17630
6941
7008
5281
18695
30869
1628
11252
15133
24099
8442
15863
5576
23992
13128
25071
24329
26966
9653
11603
6712
13682
26117
11278
30610
25765
27547
32048
1810
2347
16596
2956
11948
15772
1885
2166
13693
20957
13047
5768
28440
29299
14249
882
5874
7890
19241
1559
2139
26582
28600
1196
31827
18074
1905
18113
8394
24169
23827
3168
20601
2447
10225
4197
9115
30923
7753
24555
4726
9607
19266
24034
5763
15461
3914
21320
15187
13643
1688
20663
8622
27832
12564
7036
17207
32455
11650
27571
25013
9770
22739
18046
25350
4344
1709
20923
13745
13880
19030
29057
5343
30061
18702
16339
727
31920
14861
18684
300
30544
11033
28886
2275
10823
9876
21425
8504
7802
18098
9687
32695
30368
5648
20108
28038
9052
18783
8564
24977
16450
6340
24124
32118
21537
31217
24962
9141
19607
24805
28572
6473
7877
28463
3091
28226
10321
14120
28031
25700
19991
26173
29187
25686
1114
3671
21779
20358
20318
12290
24880
32365
100
10301
22000
25592
27574
30003
2861
23893
21351
13871
26395
28736
31396
24451
31083
27420
24384
25062
19044
31365
15099
13602
17310
13341
16247
13465
1414
32160
25820
30411
28525
24659
642
9636
1001
12542
32331
32503
25205
9824
17257
11529
24528
27668
31542
17645
14768
24831
14145
11143
12397
29337
3596
23210
11339
2106
14737
3923
20128
16223
17510
30210
5529
32367
30495
27855
13801
5616
14520
13669
32252
6844
8690
31655
14408
30632
12572
13509
4632
5873
9426
29798
30085
6590
893
9981
6742
31576
19019
5998
21757
30494
27019
17795
15011
21836
7334
2010
8999
25492
29035
16507
7592
13255
11556
16874
16276
18907
31181
31139
27678
20608
23172
9254
7772
4616
27548
29399
24386
3464
28518
13002
3603
16995
14621
6622
15846
12091
15306
8710
29184
6671
26456
7557
20482
9442
11976
15192
12431
23860
26430
19922
7168
28931
22355
20936
20463
3682
24989
2844
29071
14627
15917
26794
5688
15931
344
19068
23297
5577
18254
22516
17414
29921
26666
19194
390
18999
2188
30892
16388
18879
27872
30103
5304
3664
242
19805
23173
26427
25725
3771
8102
1557
13661
20595
7291
7825
21289
7542
29907
5035
21143
7690
359
24010
25307
7061
17415
18050
4965
31763
1241
5265
24030
31407
13879
916
3473
2682
8520
11260
32114
6014
14153
12003
31154
28266
27613
6927
30068
8863
32675
18579
21469
1099
23256
17430
22688
23170
2232
23397
11303
14109
27789
12056
5752
7926
11456
25364
5862
9815
5202
29001
21539
19115
12555
4711
22555
9280
21451
858
2005
4989
2122
24815
23143
31885
822
21113
18127
8359
16285
25697
17764
16161
29141
2787
25215
10560
8171
496
25366
11997
2299
7742
23961
24316
16191
5118
29283
20801
3311
14705
16930
7709
2414
21629
18949
1046
21812
13865
20196
24978
3580
30687
6373
10322
1447
22860
12265
3847
228
10413
23979
27538
3009
21373
29197
22580
24619
16395
6581
24166
26615
904
30820
19498
6525
25907
4836
31386
2112
30908
18192
8466
10309
11510
30645
7581
32022
16665
30518
23711
8093
5135
18508
32228
982
29382
25871
24023
25642
18645
19264
21111
6218
2626
21071
13736
31726
24662
21992
6116
19786
1322
32556
30273
30046
2532
7192
29131
9040
9094
28826
29018
21868
14488
8848
17301
25669
21690
11226
3850
21920
5569
10807
26043
27650
7741
12337
20186
20111
8426
11667
8766
6933
26524
9795
15452
31185
12764
16144
11268
30874
26368
31639
22808
18071
30105
10750
27053
4220
14750
14886
9231
12106
8695
6283
1274
10770
13644
27653
16352
7885
21904
2559
16636
9012
23850
12492
20520
6009
20933
6347
7797
690
2433
5468
21853
9923
29151
29281
11937
28663
4170
20759
7824
31372
24951
19591
29014
11975
21825
9497
13903
27365
29983
12497
19054
13035
19448
3828
12811
18015
4602
29555
7330
19010
4390
13928
25914
9898
31334
21642
8330
24958
17027
20171
25691
6508
29166
14065
27430
27418
25723
8604
457
4081
14150
1638
30814
12858
13846
2960
18226
27421
14677
18916
20453
23758
2406
22830
25721
25685
4534
17015
29263
27907
28292
6646
17294
21471
9727
13449
147
16466
22594
651
26013
28793
9449
20552
16060
5771
19418
29737
30787
30034
30700
18250
6824
23815
4642
1336
8481
26684
18732
25916
18412
6017
13611
14340
16720
14883
6713
32110
14100
29895
14171
11124
1960
8321
15978
9931
24365
30186
18877
6032
28493
8409
23646
29745
10632
5489
27835
4291
21142
6031
21486
30288
27516
12895
28553
4415
20220
31338
24065
14771
8088
9417
26806
20550
32543
14185
6850
21830
23689
15892
13546
30378
16206
10568
27284
16660
23847
26385
5564
8109
17682
31368
11550
6732
29441
14136
15634
9847
9914
10999
23929
14287
12502
29134
26267
31776
31004
16781
16
23371
26770
5600
19702
24852
22327
2376
27282
27683
8714
3571
118
12173
5302
6291
3981
28486
19872
22137
14683
31740
12302
27387
2914
22630
5475
13772
25667
12296
25054
9874
10166
29305
17167
21623
28199
13092
6717
1923
19912
2635
14628
19504
6805
22876
24455
22958
4668
18240
23649
19446
10863
14022
21561
10873
12068
32155
24273
22883
11272
31569
32661
27931
21601
27507
4164
7157
3988
6681
31107
4976
18357
15699
1830
16193
3549
11527
20427
14556
3174
4786
18035
16046
9056
9789
29973
23060
30839
10774
5133
3103
3728
12469
14867
22319
18353
29500
32200
13304
20007
22631
24690
27674
5408
17849
10022
32169
24901
22390
12544
26641
4536
1796
8507
1320
6774
18895
30306
11988
9718
7
28333
32666
14371
21728
18818
10304
22821
14968
6287
7005
27596
3941
23531
3336
12478
8378
30474
10460
11627
30517
27025
17525
5442
19981
21099
29304
21798
17351
14700
298
11487
8000
24572
20655
2402
31997
20973
26069
32586
8683
28789
15556
23739
15552
13383
11645
28700
28263
30136
27615
6884
2090
4254
27943
24837
1684
11177
27878
16166
16539
18414
2157
4121
8548
2361
16412
27569
1930
6546
22102
8406
8594
10114
19924
19873
22933
13536
12099
19692
14696
17848
14118
13769
17399
2290
19738
13121
13451
1596
18886
21526
25651
3016
7935
29928
20486
11217
2636
8917
21987
23431
9973
30550
24338
1176
20940
14916
17090
28107
4591
1360
2744
2243
15620
6765
2484
28205
1478
31198
10041
15902
11192
9651
9798
11932
1123
24267
6619
32688
19958
10248
3739
24986
20813
13753
2704
13908
5051
8187
27376
19814
19754
26206
6535
24919
14664
21404
25722
7983
4927
23284
30356
28547
32604
4859
1102
30690
10369
15598
23247
15428
2007
26406
16021
13042
24718
15613
12471
23036
24772
12569
32268
24828
22635
15233
14406
16743
25664
23287
5903
13748
5693
10357
23240
7894
24385
24138
5691
6044
5462
19671
12896
22783
26571
9932
14788
367
25014
22284
29894
8217
14533
2421
15040
161
1298
32595
27909
20436
9974
495
26878
18048
3326
17100
10827
8856
8680
941
19600
14331
13571
26609
12150
20480
17639
10161
207
28609
5262
10038
637
17664
6045
15260
17313
7191
29859
28396
10092
23495
22434
1881
28758
11381
23526
6510
459
14832
31216
6515
15329
22538
8665
15784
16188
3594
10168
30592
6216
14005
21548
2343
17372
15538
2363
372
450
13309
13958
14611
31178
30501
5590
3528
7521
19758
29390
26282
14107
26359
10185
30348
21218
2367
20199
20444
28637
10837
3281
24647
12060
3208
14224
16540
11779
26546
7465
11271
8246
22311
5334
21010
27843
8118
2775
24729
23628
3417
23482
7792
10981
26873
31657
331
26486
20623
31167
13824
8625
4543
1693
28631
24739
22027
13963
18621
22118
30926
2536
16406
44
616
17913
26528
32290
31986
19110
949
29271
22856
18887
14905
27440
23584
23845
3452
18277
21975
27747
3531
17919
7804
11922
32147
16147
9430
5734
17179
7959
17693
3403
19580
2436
16980
12301
14259
15063
11097
30164
31679
14226
10809
22785
31470
27732
13207
21097
14455
17908
20627
11675
25923
20837
1296
14090
19381
28108
170
10348
7832
22732
16821
19295
26278
7810
32492
2753
19130
19277
22204
31501
379
2822
28060
27206
14164
14936
23654
19238
21305
8235
28959
4973
12944
14227
15728
10416
1820
25751
1597
26005
3432
6276
7486
7969
8775
31428
26779
6529
13678
26363
15474
18929
18089
20671
19552
20416
28613
13288
24403
2403
7511
11218
23980
14522
18985
18278
29820
20447
17633
15269
27416
7321
628
22623
12436
14725
13652
15807
10941
18616
3237
11154
20746
18993
24011
25672
10800
2996
26389
25088
3261
31330
5180
32091
6703
30447
9382
19124
27215
14789
5945
27629
12839
21433
25220
16791
18032
9686
31098
21399
28972
15991
10824
16057
13008
15272
15292
4389
12323
23204
25117
31008
12982
6679
10089
26241
15725
19400
8130
28000
23749
21726
15810
2771
18202
3991
25104
13081
23146
16267
2829
74
24679
31589
6209
27450
16738
12742
15190
17928
23263
4079
23015
10456
19331
16041
20502
1352
3926
15154
28276
28671
15755
507
15757
21040
16806
23467
2149
2944
2798
17862
10957
17333
27874
11881
23520
7796
30826
24167
24206
27565
17667
24
24207
29155
2593
11035
18607
11555
27608
26200
16078
1621
31598
19365
9710
21677
14255
13805
6375
20810
22004
486
2880
17854
30512
21608
32648
21846
10967
7345
29704
14525
23181
16857
82
16886
12790
22146
16251
31281
22181
27038
21281
11413
15636
18939
23306
21030
12029
10017
9475
7240
15848
19932
9176
21265
11653
15551
29850
3502
26939
23698
23971
3424
3446
25481
16189
3536
15273
30625
19619
22005
18539
18406
8833
26187
3232
6262
23784
14318
9529
2452
18120
6099
17861
22523
5485
31398
26865
30482
28910
9777
26938
10724
19675
19244
21554
7138
917
15337
6345
19146
15259
5177
5848
2051
17918
6361
10308
1165
14279
19152
24926
4351
27775
18245
2811
10866
18218
3583
14061
17943
22657
29663
17577
77
1341
8574
24849
25542
20322
19846
10534
20571
7350
15385
18821
12318
15661
13815
18637
19027
5701
5441
29953
12253
20166
23677
967
16323
29048
30275
30982
7243
17921
3734
28300
3518
7917
6285
29202
17441
2214
24547
31417
21146
27839
25533
31534
21016
27094
11078
22693
23451
15057
22014
28830
26574
26444
18134
27960
3551
11248
7559
32467
3238
16028
23311
1471
26169
22229
16000
3878
26034
10264
31220
3141
29755
22690
6000
28299
25280
13088
28801
21179
6944
25678
15317
30219
28329
6100
4100
12880
1904
5906
14078
22838
14461
30070
26482
22813
28487
5161
22759
31404
151
21417
25786
27939
5958
31955
18984
8577
20675
23398
15076
2808
18063
26584
18194
10033
29258
30308
27950
4028
20306
27082
8946
5061
28794
18782
14355
9335
1871
14637
11725
29574
28756
9700
21151
10419
6901
28678
29026
19963
11689
8668
31613
21073
20104
29425
12162
817
15869
23058
18230
4217
32472
8983
14092
907
10539
14792
20190
30601
28580
32416
29385
29794
25673
24147
32076
18447
3349
7981
5898
3543
20117
3572
43
21266
20222
26358
1663
28201
28447
11566
4853
14483
2098
26152
27145
16375
26753
30128
21420
8687
6084
12110
15744
8906
17028
24713
2595
3134
12589
2772
20303
8160
18033
15388
20144
129
8480
32269
31277
11199
30289
30790
16414
20236
9578
24369
20976
15988
10281
32658
5028
25267
10950
8657
829
10515
10611
1678
13419
12446
10070
15086
26106
7905
16616
19440
11898
19694
9864
5661
11169
9545
13335
29660
17408
4975
27469
8992
15246
16914
9112
30300
18472
15891
11184
31838
3898
31223
17743
13472
14889
30236
32425
20557
20870
14699
24381
32353
21995
27923
15232
10104
7778
11146
30089
22402
17220
24761
28030
21719
3833
19906
10197
26860
19888
16329
22227
16705
30756
8547
1470
5282
25993
32245
4267
22338
29900
31705
16089
6673
13980
18456
8168
9660
448
17900
13962
14977
27109
4294
1007
20537
1694
20365
2507
15157
6843
16962
22557
18853
5964
32272
30816
12161
20718
22925
414
9365
12031
8662
30349
13495
27999
14502
27002
22756
28665
3278
15418
31448
15457
22552
23122
17169
24230
17364
16107
15366
11591
16968
23430
17714
17680
27549
3335
27283
21618
6239
15368
32035
9440
19640
7049
1318
15102
18006
19470
27983
21909
26376
5314
12620
499
12608
10924
14306
14508
32219
23417
11348
2201
4580
26003
16501
11821
3883
3947
26464
1664
8363
28737
23534
24730
8599
17057
798
20640
18734
13454
7458
12514
29065
1569
22622
24870
18527
3357
31637
9441
20299
2489
25690
1133
19022
13638
9944
12326
32182
83
29856
3309
9270
12522
19139
8069
22718
18091
32582
12672
21043
20865
3560
6660
19391
7030
2298
4455
17985
6467
13659
15616
4517
20361
17842
12791
27436
1061
32071
31391
24092
19568
5053
12317
28467
18611
19185
23502
19333
17517
15124
23359
8732
23083
7957
28189
1252
7669
6726
6548
28485
7313
23310
10818
2981
5340
14267
874
28046
16023
23538
1456
29922
22151
2731
17794
3426
15837
25010
7577
5268
10314
29789
24363
21898
7488
7692
1977
10295
28407
22406
31305
21931
31636
10627
16843
19664
23364
10272
29275
21048
16679
26664
13877
15005
30606
19690
26356
22407
13030
23863
20951
20989
20091
4370
9209
3887
2476
22997
31159
20514
21315
28304
8178
6871
29924
11672
32145
21725
6201
28670
27940
25889
1915
20730
6272
5493
14859
3376
403
17531
17774
30883
5103
11291
23588
14914
10887
11927
13067
10580
17622
61
2475
29827
8188
32631
22654
14003
11676
28724
8639
1301
19411
9166
6607
22408
28854
15958
29814
13182
4660
16341
10214
2064
9603
19995
14979
12298
12598
16907
10694
6154
7495
30234
27518
19341
4584
7512
15355
17
18825
4696
12172
22070
24883
31479
14746
22668
11780
2755
7115
19609
16863
27093
26545
32131
21870
28149
22972
14337
16876
27519
27724
20533
8435
24794
4861
915
18318
28216
27624
25134
26987
24682
10674
9484
12979
13625
3280
4353
30064
9985
2574
10119
10475
12008
31450
10175
22924
29594
19272
27397
877
16378
9200
31135
3414
21692
11198
13115
27730
27627
7348
15512
15346
31127
12254
7463
13393
22790
30009
25833
11157
5261
752
31103
22703
1944
1660
7002
26001
8468
27233
7352
3297
30361
17063
14208
31692
4787
27513
12607
2800
1171
6964
18691
7175
12986
1760
3217
23937
26175
32600
9953
9996
2386
29438
31323
27037
29267
6235
349
10198
14702
6270
10804
9511
27473
5255
1645
29657
20429
9373
6325
30401
30266
5784
24361
25856
13422
4518
31027
16975
9107
30515
13953
21418
15712
446
22574
21343
47
17722
22225
29833
12286
24345
905
7285
17534
7944
14409
28685
1521
13849
29303
5376
25150
14418
18061
32289
19222
14930
9799
30673
9982
17250
8656
13930
19595
8877
8744
32283
11907
11794
10279
22500
3071
26228
7485
30153
7368
15826
25025
11203
16384
13895
5257
23793
15330
1942
21172
16431
27602
16856
6452
28316
25937
24897
11589
20167
19509
23968
9252
6012
17529
6305
18754
1112
4194
598
11267
14993
1185
17347
17665
24964
30045
10126
6633
22983
29417
4061
20000
31375
6687
24654
7456
15335
8105
31080
14304
28656
18552
10116
30999
5443
21219
12278
1106
22905
3019
32575
25441
9827
5927
17536
19563
17115
14236
2678
23844
31962
30478
14132
6394
27537
7990
23290
15800
10706
8402
1555
6424
23645
18012
14035
13872
3099
30327
15349
13479
12551
26976
7545
15394
8731
30334
7522
31129
17909
14000
13157
23694
25682
21638
557
6630
16765
31673
13851
2088
15521
14151
5717
22730
32397
13283
28554
21408
24151
6582
2397
14653
8881
4540
2354
3158
22798
9389
18983
30229
23125
11300
17538
639
16698
12641
4579
31743
16617
22211
14089
11242
7122
1233
31109
185
28464
10343
12712
2074
26269
6627
2457
22487
11815
13869
15646
12233
26212
25128
20795
3485
9560
5368
13289
21238
7904
15293
31603
5952
26811
8033
13366
24956
2674
17563
9915
9574
29863
16014
2631
14609
7186
19372
15652
11313
6315
13353
27090
22587
19458
23485
8293
17267
18941
26503
32418
308
15937
20549
7327
23721
31513
4138
13224
15096
30804
30912
26454
30650
28498
25896
18875
13264
24890
23175
7409
13734
3433
25681
6217
5367
17070
24889
17281
5437
13084
19864
29985
22509
8183
4388
18462
32111
20877
6049
27729
19153
11299
30468
13203
27853
19193
2647
4865
8263
22154
16359
11285
30290
8892
17636
21439
29547
11256
27585
25583
10583
9312
8637
24974
1218
31771
25371
14445
23540
589
12570
30279
6606
25343
16880
9749
13026
30778
21133
7179
25921
18519
32082
19908
10894
21356
14399
17906
6362
109
28327
29636
20228
14382
24899
5830
12952
29352
32738
29848
15633
15799
23518
10247
18279
9645
27532
4641
24691
29582
6976
29991
29717
24140
11663
25740
22701
28017
17595
5079
6971
21299
4247
5289
16068
1309
9667
31293
12462
32119
30944
15487
9939
12260
26619
8084
18668
18863
5683
24489
15658
970
25190
10995
24209
5789
24468
24484
28135
16832
31086
30199
6050
4444
11955
22536
18981
17229
9916
26186
20160
19353
2466
18883
23543
18751
22974
16772
16238
471
25726
26285
26306
15008
16391
28506
11601
31165
22414
2451
13937
19757
27051
21400
29643
15922
20191
22281
7429
16397
14500
25325
6576
745
14071
15186
17742
30903
14498
32083
14817
25396
13204
3562
28103
29868
6250
22221
32214
9546
1588
11030
17216
30299
11377
13167
1986
1385
24891
28347
19474
1498
10657
12451
30823
8953
6094
2916
25981
26322
5416
23938
7642
21098
27251
24888
17968
12419
31037
17669
26224
31853
17429
23568
6664
17694
535
12365
2487
9979
1197
13274
20330
24720
19641
6060
2992
20278
23700
5495
29885
2459
21665
31896
8448
15207
30676
26496
3632
10805
12740
29569
19581
24819
10043
10955
18952
25385
11905
15660
2169
5876
23585
19567
3215
17413
8386
8530
30139
22441
6421
4269
3909
8477
2797
13440
29133
9310
12603
6998
19884
29597
29099
2518
28194
13771
329
9573
25292
28579
13041
4515
8462
15684
29787
18992
1111
11656
31966
25270
5001
10545
4913
29592
18387
17631
11677
30642
13663
15478
17607
3218
25206
9887
9518
19275
6754
15469
25405
32634
13281
24949
4104
25794
14490
8956
15694
7762
30339
22064
11623
21327
10514
32211
31550
5961
19947
21758
25370
11275
22874
20319
8873
20529
18520
336
14938
22161
15674
10608
17537
7798
16274
17404
498
32231
17725
13078
20201
31465
26467
11389
23720
22829
15443
20014
18957
4084
10667
13866
3579
18961
31665
9224
297
14872
15288
21323
26600
397
19765
16448
21525
18399
24444
16036
9134
32394
3613
10207
14874
28341
23619
22564
482
1003
10547
7822
24533
11733
8011
9489
16331
1913
17615
1138
5438
27085
5140
9802
23997
12534
16259
24203
32697
13114
17608
19878
19672
7067
17260
8676
31831
16421
27058
23097
23717
16034
23870
30310
13333
19739
13784
27225
1516
4236
25684
22520
12867
21584
22322
31422
17874
20396
11040
15114
22748
8937
25239
2176
17753
30935
29078
20033
23109
19020
9353
7780
29205
32099
15363
21739
7077
933
1025
21139
15740
16248
29541
32167
10163
18578
32235
26166
7769
17093
24432
28366
21235
12313
27525
19048
18589
12077
9415
14149
26230
31689
13837
6953
20405
7145
5186
11530
28337
17204
2670
27081
5669
15470
24125
18709
30354
5667
21388
1445
11044
9577
21495
7866
22294
7619
16497
15953
28177
12810
15247
28706
19654
3998
28492
25576
7864
10240
30975
2868
9534
23517
25561
10680
19132
23998
14625
32765
11344
1847
8444
11759
18806
15601
31481
18188
20774
28534
15191
20001
2118
8772
13960
24378
5214
10402
17209
5325
7599
26242
15971
16912
3832
23442
11024
5604
12485
10970
21311
18256
21108
13233
19429
1625
21390
11665
22900
32338
28615
12538
19980
2700
21867
3872
22653
28325
27083
4377
16786
25447
13614
8704
12393
22565
22955
13856
30871
17273
16967
24057
17555
6438
26311
27658
32080
4286
15071
4814
15654
25269
3921
16865
7680
5277
24610
27047
26773
5386
3173
7017
14801
13708
19200
6411
29813
2239
26997
22282
25432
7137
19505
5892
24807
13323
14594
6514
18714
10911
20887
14655
23207
31716
27643
26159
2145
16640
22588
16676
22044
32381
3230
9450
13443
23328
16033
28624
16322
23420
5834
26719
31789
6875
28212
14630
5456
998
8500
4374
25072
9378
7483
5319
23950
25440
23960
11128
26372
1585
127
4717
4761
30509
18220
2190
2144
15326
2816
26661
3655
16260
17332
770
3556
4936
24033
12088
17030
25409
26926
19756
27446
9359
14384
23965
15546
5131
31092
4490
5670
31832
8497
1553
22164
12293
29995
8210
7729
12242
9251
21589
11876
29145
10850
27566
19938
19997
14448
20417
29801
26586
17382
14782
17056
976
25992
29421
7001
16870
7663
9114
21772
21278
15395
26244
17945
22367
9287
29104
4757
21072
17270
1383
11989
2440
10297
19861
398
2198
13107
18442
11231
23073
25358
3539
18099
3943
18778
20848
5179
7018
6297
20157
27288
30364
9680
24238
388
13511
17071
5756
20114
22771
5155
17378
526
29341
12967
30312
19226
26272
29676
4683
13923
8205
19726
4759
6455
1265
31825
7883
4130
20077
17907
16723
7794
27091
2381
8998
24846
28110
9902
8417
21731
21484
5050
17734
11862
5271
23631
16076
31035
4158
30080
30714
21088
25846
24176
1538
4348
21818
8982
1967
31456
11711
26621
32306
26707
18003
14726
15924
13474
867
23925
3504
27798
16670
7078
7725
8083
23434
9028
7031
3487
4505
13123
26076
18019
9201
24939
25693
12554
27101
14641
31596
5842
1131
12330
17104
6279
25428
14197
3687
10927
966
3379
10072
12165
14246
17776
27605
5042
27000
13282
5798
10825
855
13799
14417
23891
27996
7820
7860
19811
4794
1742
502
20981
32036
22096
26839
25137
2867
9279
9801
24715
9344
10200
26605
20224
10117
6855
26616
2432
28746
19385
30291
32097
18005
19166
30286
4141
26725
17443
26778
8016
22603
30617
29208
28957
11553
24955
4222
10929
7132
11104
12617
25413
13843
14205
30718
360
27922
17155
11232
23672
12140
19337
14946
18662
18471
30537
20517
20260
28230
7338
6728
13447
4298
11399
24677
3277
32373
21651
10426
8464
10726
12523
23629
21614
24879
21524
13175
14818
20226
27292
11901
22993
26257
26374
30457
4198
8764
24687
24552
27884
25779
8228
20003
13094
9003
8080
11178
19348
32355
19677
8240
31790
19070
41
19721
9163
25541
17277
29534
7998
5918
26437
280
18286
19230
26567
20808
20070
31158
11563
1415
9701
20654
10374
28356
23227
21395
13058
28055
26006
5137
12937
30629
19723
2931
8431
3936
28920
25317
26078
24239
3063
23632
25330
32555
19349
16782
420
9502
6876
8569
12901
2425
4245
5215
3430
15942
31945
21350
15752
12670
11614
27243
3061
986
17302
13355
29420
32458
14048
22887
18672
12738
12543
26657
17846
23476
1070
26781
31779
3884
20069
23279
29640
28908
12406
28200
15935
17476
27948
3080
8166
25487
23715
5850
20300
12969
10408
28425
18287
13140
22149
25844
23851
21115
17189
7085
23838
7089
6430
3364
26235
25348
22908
9014
23018
13085
17519
31698
23942
153
17125
8780
25404
23378
15604
12270
30855
24597
13216
10997
8805
14940
2582
8719
25474
15375
20570
30913
25609
21715
20378
20930
25615
3785
9803
27879
29273
23734
30819
22667
30297
9983
28912
10452
5156
15710
15434
13797
19898
4705
1088
31023
2328
7528
4004
28394
19491
11859
19175
4569
29307
10199
13205
25077
19328
5525
4506
27773
25513
15056
29325
1818
17482
19717
22224
25603
8089
10876
13607
27790
12518
24349
28874
27475
24291
27733
11947
3123
10497
22416
18568
27830
21659
17610
27576
31777
6624
28225
1089
13404
5245
6825
2481
292
27326
1214
9956
23341
31887
32715
26548
27522
12364
7703
30597
8050
28965
23134
6129
30370
9696
17304
5758
2351
26636
10011
30771
21636
26787
26064
8388
20742
9695
22138
6561
12805
22039
22510
21375
25173
29218
30039
12615
5171
10026
7268
32126
25830
29739
27285
12674
9277
26350
22498
17159
31413
10488
30630
7910
27222
11578
22162
7805
26301
14646
24253
27867
22611
4751
20794
9065
23353
3252
26991
23302
29285
20758
5252
30243
8570
13245
9469
14543
13307
28202
4036
23594
7282
18503
28355
3400
10949
25011
30808
9386
4686
12989
15098
12423
26876
3492
14515
24379
13642
21316
1216
30740
22610
13100
13924
7653
26810
12860
30200
23360
2474
27343
14110
11576
25567
19859
30579
3738
24957
32748
10533
14973
12758
28954
13657
24003
7925
12649
17171
18145
29180
2927
2756
28992
8331
16039
22187
20739
11424
22313
17034
20355
31686
3391
6131
22863
24195
26510
32626
3755
29493
30188
9302
29366
9467
23552
31859
27672
27224
25547
15950
7614
16197
21730
5676
10798
21776
15907
24588
18321
4937
27104
3698
28779
17925
20496
2448
12682
25824
5609
18962
21482
7445
26721
20935
31834
30946
23669
24614
643
32046
8502
20434
32323
31492
23643
27401
3327
19119
28461
21438
18117
23283
32509
28702
12920
23852
9569
26167
27136
10717
12352
3039
23955
24135
5231
13874
18581
31857
3065
2184
17493
31868
24675
11185
2749
28630
25969
27052
7856
3330
26259
11071
2724
28872
15035
284
11454
22554
27301
30995
15227
18121
8484
11765
14428
24164
11325
1950
3014
8529
22377
22436
21020
947
15628
29434
31056
8610
9666
31385
30442
30917
31003
19794
28796
5879
12139
3489
26717
16026
27235
28331
6068
12
13925
12204
29482
3533
5714
13257
295
9732
28470
10474
9588
12703
27651
18487
23743
3006
22410
16769
31511
27546
3614
3229
4324
12221
15344
10422
19121
18558
25996
5230
25174
28302
3114
6296
14232
29369
12537
8498
19213
16474
26895
32521
6369
3886
8437
11063
16045
10231
31162
15243
12996
6940
19303
19844
17702
28767
18840
8312
5663
7332
20858
28335
1364
9671
13715
21357
19403
27266
26377
12212
4406
26501
17426
21963
25032
599
15211
9989
21795
9222
23403
14345
11006
25129
2256
6812
27891
32682
24406
17326
29968
25268
17829
14302
9332
31224
17118
2520
19383
3775
15535
20849
1401
12736
3899
6489
4057
18484
9661
7044
12931
18066
21201
24285
31077
23910
10193
19549
26121
21800
31215
6106
26845
31856
25262
32112
21748
25973
1465
24940
17188
30175
28162
32163
11858
4548
15576
12122
7815
11875
17018
19326
504
24674
5060
31067
8908
21587
6786
4982
777
27381
4119
28071
27345
28157
16708
1260
12628
5213
683
25580
6267
28273
6182
5129
13882
14233
15685
15371
32074
1529
27539
6780
10201
25805
10066
9135
676
15446
28275
13817
24408
18101
10328
2709
4479
30381
820
440
26452
30496
27557
27509
23707
22930
9964
1143
4699
9078
30393
12102
5100
20899
25112
4622
22888
22411
6838
11628
3479
13700
429
6790
24571
32414
12671
14805
19650
29345
14582
9488
5980
32181
17255
24449
26596
24800
4049
8365
5504
32027
15430
7376
21670
14604
31253
18222
2836
26969
29329
5163
5307
21694
26620
18575
24922
20122
18995
19550
2955
13822
27024
4231
4783
2894
11467
7216
14870
9255
31411
5780
13550
27782
4106
1647
10057
6122
530
23732
22780
16325
30272
5106
13040
29942
563
3871
4875
14446
21519
27526
14339
19955
9559
3263
31100
8007
22788
26957
9405
5380
7562
16718
32757
24836
18060
6313
22514
929
27276
9140
9722
8912
24037
501
18566
28817
11813
23203
6704
4782
610
25419
1018
30704
6603
10948
29477
8818
31805
6992
29319
14806
15480
27464
1136
9724
20451
16050
18041
7320
22545
19779
6393
10973
24575
4142
19120
26863
15199
25145
17121
10282
10280
30799
21337
4926
3631
10234
32533
32727
16669
31749
8414
19082
19663
1140
5312
10574
30230
6589
20914
21877
6988
22822
7245
12743
22122
19311
20088
11382
3072
21387
19613
3073
16659
15237
20686
15116
13291
18745
26346
6157
32722
15051
19800
32683
18425
19117
12898
17727
5992
18010
25306
1824
7163
7768
30386
12264
2514
24804
20212
20831
6507
6520
29963
4574
22848
9221
4489
1492
2804
32166
30573
12519
8170
6337
1870
9870
6491
604
20565
5181
9106
8355
416
8216
28858
23547
7588
21742
26549
21173
28390
16252
2288
5142
2331
31310
27634
28747
25668
7930
12480
5770
20009
14323
9750
27069
11943
13939
8735
9772
13191
6958
17435
5377
8203
394
6425
3967
2332
15495
19545
29089
21409
28113
4087
19347
7277
16629
23816
30613
4293
30732
28322
10958
2434
29930
206
6676
14310
6083
17883
25115
16121
11931
6806
12985
17108
29128
10189
14299
4041
18038
32222
2496
22853
25920
19042
24990
18529
7801
27441
5674
22527
18329
27964
25252
20295
18465
29655
25611
29882
7771
30194
21359
1856
14972
389
24934
32638
9194
9436
18405
3960
21135
23137
31400
29751
20832
19475
2849
23606
18950
12336
4039
7092
15749
32254
21499
25986
24237
31026
23636
22401
6528
7803
17853
7800
21479
29392
21448
16788
32386
18884
9387
8537
19456
177
4905
14270
30198
18314
3650
18227
4248
20119
7247
1013
14537
20492
29381
5057
2898
9409
8832
9454
4239
5623
22529
21372
1117
19627
24396
1802
23316
21260
17126
11393
31927
32002
30450
19616
30523
3733
26696
2250
26940
32399
11158
5048
28870
17889
15119
30991
30711
7424
9291
19294
20780
10035
897
24077
11685
21861
15210
15768
21764
23773
1443
13696
23846
21214
11658
25300
11738
25260
1170
29962
17586
26338
2302
30546
27846
9994
30420
22344
30675
2322
10235
30981
20789
7901
2714
1725
13800
20048
13374
13285
9538
13016
6254
27139
30934
7235
22575
30791
5371
7379
14545
25473
2046
11064
32612
31784
10942
2202
28730
7987
9817
5835
13179
17078
13940
13788
5433
10255
27411
30162
3750
11919
3444
8456
22236
14017
19764
17477
15773
14059
5889
13497
22943
4118
18772
31793
1806
19521
13360
194
31366
7365
27686
10122
12735
4058
30748
6059
19473
3542
18650
3209
21389
29810
29887
11384
18291
24319
20469
31116
30377
13775
26429
25020
401
3784
7202
23878
31431
15318
6798
29416
25695
5084
12698
21196
10350
3724
3573
29688
21376
29228
26491
23061
6298
9494
8598
14660
20891
17686
1819
32421
26853
10358
1994
29478
2058
28381
22477
15431
27148
7425
2054
31847
18979
7206
7131
13116
13485
19747
20053
5508
8648
19976
25393
6935
24333
12401
8741
12872
4924
10732
4828
23748
28707
25881
15239
13187
4027
11811
5390
1912
27899
7764
5544
9088
701
16464
32156
21470
9650
9859
10581
6263
11191
7533
31949
21083
27972
25962
13484
12798
31830
18092
6803
24027
30362
28037
21997
9685
1048
5243
18451
12483
1619
30332
24314
24467
26504
25391
3696
17457
31412
22577
1748
31290
8006
21414
5818
20667
24321
29314
31189
25388
3740
27218
14307
31758
19060
559
4969
19290
15134
24829
25784
25175
27655
30569
27721
18785
32615
4510
5310
23566
19946
29767
6883
21544
1500
30907
18666
86
22018
26884
30274
20063
1429
17130
27823
470
8302
31268
15277
13247
14407
17017
2623
3385
11494
3069
28695
24051
4124
24527
29977
8587
19338
2980
12820
1154
31910
21144
12338
11383
27689
25001
7102
19465
24762
10670
10553
26854
8051
30600
31566
31269
14820
5384
18149
9162
31952
2364
20415
9705
31980
16759
20231
2865
675
25066
16287
28857
31383
10177
4507
14893
27005
1952
2108
27885
15109
6387
11673
13594
7740
9716
577
6026
8247
26680
9459
14802
13540
23754
15333
1374
89
606
16779
14007
32086
27969
22445
19049
24103
6959
25800
20067
12894
30522
19785
20681
32711
16317
20432
15078
18004
1838
28370
5686
19314
20650
23266
1270
7963
7322
23812
9295
27992
8098
13250
15164
11517
26624
21599
27890
16304
5365
15717
2016
4227
18817
9713
31781
1974
10424
16762
28853
15435
19242
30407
7795
18874
20995
18618
23493
10385
15754
9959
209
17268
14286
5735
4914
1840
16862
964
10150
16581
31138
32554
1677
23425
30626
9062
32544
9
23772
24419
20141
14987
11234
1332
24277
18847
4159
29802
10005
18266
28422
20610
2599
17847
25142
4915
17438
25299
13265
30301
6151
29964
3879
13687
4847
3564
18443
4743
27583
26445
12612
3395
27577
29946
15025
12319
26700
18848
782
29575
22388
28871
5460
13885
15338
17788
14103
9322
27353
22247
16143
24844
7609
13339
19659
21003
10191
27261
3566
7188
31048
13244
28005
15483
4503
30055
12383
31649
22207
7079
28088
31360
5085
15541
19623
28566
21523
21583
6602
5546
5632
24854
23377
19479
32720
19682
20055
23855
15531
13004
25804
22558
31331
2424
1577
29525
2416
27134
27194
2204
27400
25155
12851
15425
32064
26097
23902
274
14540
16808
5138
10283
13647
1580
27760
19860
1113
10794
27570
3817
20229
5260
21424
4382
13389
374
11327
12051
2982
27126
28102
10232
7645
10512
19356
14204
27298
14198
27905
30744
9925
14647
19207
18659
26213
20076
30695
16294
11789
709
5492
31924
11837
15945
9624
29468
2193
22073
24984
21379
19667
23126
7765
7451
29796
18501
15692
23375
12131
6098
13174
10249
11705
6572
30832
12755
10644
8997
24443
8861
28683
30795
18899
24738
27457
24202
27323
19094
4471
2356
25782
7633
1759
1337
20165
16459
32094
23841
29940
22977
6399
6779
16056
4731
22548
26623
6856
31246
13376
1958
9004
23108
6659
12784
29135
11847
28453
14055
17820
8664
21186
8942
1685
5981
30117
5832
1587
19332
26590
24332
18625
30032
17007
28645
24121
23255
7529
5198
7749
14290
28481
6309
4025
29628
7006
32328
22684
18966
7128
19306
1803
13978
18312
3820
22478
24068
21980
25458
9424
15436
16837
1344
30909
21577
15339
5148
5886
27661
23149
22624
1627
17296
19387
31928
21809
18784
25244
22962
13492
2337
19676
25654
27249
30226
3306
1128
23106
25398
2065
28978
2150
20830
474
3499
17335
25121
29025
31461
32246
29330
30245
5682
3329
21734
13494
17228
3013
28948
1015
8851
13680
20403
4107
14529
6792
8370
4481
28994
5711
135
10159
7273
23770
13890
2617
22464
22442
27333
19149
7306
15325
13593
3697
27211
7568
12244
26094
12263
1235
7214
10351
7882
25242
30987
10643
20367
20878
30493
26033
140
31877
24136
7548
2490
26477
15348
27829
11281
1637
7222
30919
11838
17783
20246
20990
8214
19961
24719
16612
28229
30344
9258
14862
13384
25737
142
13478
3910
20471
19770
29229
15384
24933
22011
27312
27077
12611
30249
13979
20131
27117
29634
6007
32026
18337
16717
2942
13952
1746
2025
19780
15716
24937
31514
30576
22867
24935
16080
16588
20586
8294
32744
20696
23964
15574
25702
4090
24742
31110
2648
10741
7113
14783
8009
29252
17814
19825
17961
251
17787
22351
2262
8880
28829
24410
15492
5699
27175
5359
5041
16707
14868
29604
5642
22551
13061
11954
6693
16162
17402
6631
21917
10398
21000
29799
988
14633
30384
974
3525
29734
6725
6439
30635
27989
8154
12661
28144
30931
17387
7114
1239
3078
9582
11966
10107
20802
2783
26294
21837
2211
5510
1790
19848
29528
9047
27716
18627
452
28698
3953
1550
24187
22646
17495
24931
2040
23055
27346
2541
15413
26453
626
18407
24771
2336
2312
17486
29966
21664
13757
4615
18602
19890
16261
13165
14800
11422
20661
7520
25985
26537
3965
23603
30965
16587
2893
15915
23679
4059
22531
11726
2967
30681
13654
26416
26042
28783
21901
21386
28136
10445
796
2639
28013
9933
4355
2224
11054
2954
3300
30789
12491
28444
30131
30021
31324
5893
22720
9893
16236
18768
16933
23337
3283
10288
31628
139
24825
15578
20411
11385
6580
18189
23098
6077
20460
22573
18811
19657
1192
22418
31523
30551
24781
31250
19827
22705
939
1028
27127
27313
32054
25955
7728
3486
3440
31607
26565
23221
24688
31837
24908
22647
26096
2220
16400
2835
10325
17801
1578
25278
18725
17091
4620
14491
17873
4808
16948
3558
21346
19853
2908
5829
644
21273
10407
11692
2705
25671
5645
26321
11887
16517
13744
10615
12250
28891
28129
24150
19358
15605
279
4779
13037
18171
5855
10353
29937
6760
15602
5047
862
31284
30341
10851
674
26591
12662
28743
18002
22235
383
12285
6878
10124
15663
7257
31611
4555
13306
32189
12266
20223
16671
1754
24417
23466
4442
23709
28799
28182
5795
7046
9259
30595
19544
18931
20332
15877
2091
29491
15558
11505
18866
4929
3481
11076
20587
18090
5158
9419
26597
10789
7270
4707
17185
572
115
27820
3686
28929
1832
31957
16563
2656
21069
4349
25870
18370
2973
29375
23622
9132
24048
20970
13977
27744
27938
2560
4173
15792
1650
8155
8446
4005
26973
22198
5969
13651
22806
18014
21497
20116
26067
20235
26062
29774
11500
14548
27759
4383
27014
9313
22674
2952
435
24091
20910
2963
1463
31071
16455
14764
22168
29266
824
2237
9461
31186
14182
7845
12919
26423
32671
10430
15596
12654
13043
20992
24598
22891
5905
2315
4795
14534
781
27904
20275
8807
2740
21171
20527
20035
1375
29976
6456
4491
30594
22685
10776
23050
7440
4953
11459
9738
9043
16009
7675
23499
18076
9926
23926
1679
24502
19601
8888
4891
24839
11395
27719
29091
12977
28825
13077
558
20738
14578
14881
30397
12305
11788
10744
10298
12355
15417
9326
6497
22971
5802
25408
689
16973
7386
5479
2832
8091
8059
32004
6821
7476
22862
29571
10965
20467
29194
15862
3043
12748
21616
16405
27317
30684
11617
29406
2742
25560
30459
2085
647
26367
9027
19776
20421
6870
7413
17136
25625
5703
25323
14980
4453
6894
28240
1098
26417
5526
31251
1006
16038
21925
5765
28460
23165
22786
17135
24376
7683
19630
8053
21531
7274
14214
14547
9074
10699
28575
16601
20708
4288
17982
3056
11196
15397
11501
7530
14553
24069
1475
12201
11095
14989
12275
16787
19951
14960
28153
5284
3768
19080
28023
12655
26626
6637
18349
22302
30886
18975
11923
24543
31958
25251
17516
11817
1968
29609
11254
10459
4172
16861
6091
5175
15453
15391
11363
18253
32735
7695
24750
2388
4719
26861
19174
14018
28026
12892
30233
16429
20541
22791
20315
19032
26996
26730
9697
1095
25219
28382
26807
23884
19685
32478
4596
21014
212
5827
632
22725
15144
22031
11573
10682
20722
4894
23695
7156
25030
27328
16184
28969
25246
30424
26649
13382
23193
20554
4566
20760
19810
4420
84
20815
1120
27530
29669
19276
21006
29954
1876
12744
30577
12425
23567
16022
26716
16407
31638
5021
5056
32639
26217
13446
4315
5733
14652
12762
19687
23670
868
15824
21965
23352
17929
4721
1486
30899
19143
2373
7431
31361
30507
11698
21002
9220
22062
921
19701
7344
32613
10180
31001
14317
11222
30831
23691
15060
5641
29797
5164
8715
26320
31264
22470
16452
28367
6244
2251
14589
27448
25383
10470
10897
25341
30685
30956
22814
10536
30749
8470
10708
6833
19126
8522
10878
15554
6227
6478
23613
26483
32520
25349
18434
18034
17044
15794
20819
29970
32392
16178
20217
3100
29888
17746
10241
5423
24855
30311
15589
5922
23343
19481
601
12683
19967
16025
17212
29505
21034
8770
12374
23079
22253
9634
5552
21445
6072
2205
16977
1256
6335
15881
2827
28856
5597
26283
2392
3360
32610
3763
23904
542
15505
18068
25588
363
21565
4166
22816
3627
9263
27913
25351
24626
29803
6949
12113
17428
12780
3161
90
11745
18917
6768
4083
24535
15059
18690
22583
12028
19557
14897
28984
7281
14062
8550
10808
9707
30741
14393
8343
3463
9500
428
21876
3434
20153
4
30843
29119
25470
1174
10899
3196
17939
26906
17775
275
1190
4570
26959
32079
6066
11219
32576
5237
17641
15668
28057
3891
31433
10086
352
24672
3407
15872
12252
5803
21402
18056
6597
53
14890
15994
28488
11478
19053
15622
14392
29457
16222
21102
840
22941
184
18718
24102
26909
19940
19799
24282
11841
20521
22132
29728
30207
19450
6232
30263
24044
8144
28772
4765
2408
29777
7135
14735
25762
20151
18775
7880
32548
9945
14098
32713
9020
1853
29210
3037
21169
24168
25295
26612
20110
29783
10716
21805
12806
202
18123
7496
19476
27861
5323
1347
9934
14072
20867
5559
13358
20932
3732
11608
997
29378
15389
12561
8767
23545
30553
17922
8647
19058
18363
15128
3895
19443
25644
5283
21377
31262
22362
31703
4007
14945
23393
28703
31642
28306
1072
20638
5517
27598
17997
1801
25105
20785
27591
31826
32322
21041
14701
5931
18210
12847
4745
7043
18237
4221
10946
104
20178
9867
3653
4064
12908
19144
6634
10923
12282
85
32498
13938
1744
257
19993
14595
22108
18603
15820
12963
5361
27098
31367
6749
1064
7760
833
20485
26695
285
951
30313
4636
9975
1444
10174
18703
30575
28592
8900
16536
1090
24433
30255
29886
7716
10461
22242
25472
30202
5102
4074
25853
19310
16168
15231
11483
29919
26791
16485
30567
19253
14825
31342
17539
17642
30933
16137
15027
19037
26533
20875
17864
15075
24028
25606
2231
29161
30138
15701
29169
18742
26388
15323
24248
31237
4568
31184
28745
31202
20779
22443
25987
22496
8351
3950
24868
2127
17974
13122
8701
4657
4902
23830
259
2222
15815
8316
30708
11029
25247
26061
20173
16687
31219
5984
19128
2125
23491
25791
2793
29729
7194
724
6191
10879
6390
7287
14531
18306
25582
8162
29321
26448
16403
11418
19165
27753
8201
21049
23780
11998
1076
23785
8795
10310
5490
25321
6024
8596
22013
17898
24869
28174
8940
21988
29411
18655
23662
1281
11160
16351
13433
27119
1571
13380
2807
29515
20918
2758
17933
15905
3640
22119
28780
14203
24580
8555
25465
18280
17193
24479
32422
12781
23948
29913
32679
13476
29685
11121
5869
1434
16307
12588
10861
29989
28726
8948
17620
30134
1397
5578
23522
27933
29432
7446
31754
5139
27307
13137
8675
26798
22226
364
22540
7299
19189
7244
32450
6089
10766
14277
25019
18435
17398
19300
1984
16486
30417
10042
1078
31006
11630
27962
11202
25119
16978
23932
26705
18671
433
2564
6956
11388
8515
12639
14921
18246
20024
27264
29519
14773
3422
2762
25872
22976
19229
5944
13006
22217
31620
8536
21939
12525
32483
23572
4013
21125
12063
6538
18118
25892
21068
23274
9095
1752
18678
17350
6082
24623
9000
32291
28644
14296
8275
25147
1865
16553
22082
30653
14915
18711
10218
15555
10060
11659
27903
24192
20694
14489
31009
11570
8209
16312
32280
29862
28809
5954
7130
26145
32248
19258
19962
15467
5541
2809
8705
24227
8120
5191
4323
29109
27302
4165
28310
10843
27339
2668
13841
27200
12470
5554
7730
14162
26776
23983
6048
24132
32750
10987
9169
3980
21766
15185
22632
1427
6667
20777
11870
30383
19806
8047
14481
7754
9962
4533
21191
8404
21368
3507
19281
10943
24605
21005
3274
30622
10867
28989
15357
2866
4535
12673
15283
6890
22754
16719
18453
24116
10449
4610
22772
6413
23250
22561
30915
26583
27425
10151
29714
27373
18468
2760
1646
9099
29915
5458
1941
27859
10210
21738
11857
3809
21522
4706
31319
2137
8525
6682
23509
7868
17845
23433
28921
15875
20465
11983
6801
17692
8974
14264
6132
14935
7087
3952
2200
19069
17328
31028
23233
32704
1058
12460
16181
22629
7479
28748
14435
12768
6205
17436
31864
12409
23344
9195
2764
33
18938
26709
18335
24067
17708
12012
2638
23351
221
26879
28583
21699
17948
20690
3469
17569
13631
31821
25313
26728
3862
28977
8137
22566
12269
3255
19773
26673
179
30976
23459
8152
20710
9674
16408
28066
10285
3018
3171
14743
14640
5863
11835
10662
28884
12935
17290
19162
11986
21648
32124
23898
24790
1240
8116
19762
22963
23412
13961
20534
15998
26743
10532
32627
14275
57
6038
27531
7702
31449
5017
461
1751
26074
9704
31350
3944
28732
11319
5749
12545
29548
30939
8849
28001
27696
31228
3591
2407
11176
27187
29388
6773
25573
23849
30657
3826
2156
9990
28744
30193
30977
28563
14161
12377
24537
11686
21700
17025
13232
27854
28816
16037
30330
11238
31208
18681
26243
28800
25183
2671
14240
27994
2471
22999
9190
23608
6686
12932
20296
32602
6733
20635
5589
5270
3149
27389
26397
26240
11890
2140
12831
14613
6563
21344
27480
29834
3791
32030
17951
31076
18803
6863
10875
12349
1268
15379
29404
21514
28062
11996
14015
12388
10831
19099
2570
16818
5507
8375
3338
27255
28597
28217
10968
13219
4545
11581
14471
25632
13901
9729
17187
4034
22046
2681
723
14243
21834
12279
32028
16693
26846
24653
31444
29993
11748
29247
29765
4840
10428
18545
14076
17656
10274
1004
29111
30460
5762
16900
18677
26060
17160
25477
24265
19832
17562
110
17616
4870
7838
13902
25057
27032
91
18485
26280
8012
12731
11398
19520
21858
17671
15742
10239
27269
533
18831
18807
24741
31984
26057
3090
31364
10344
27407
5454
28906
25224
28676
26740
26665
8801
31759
3303
9936
10250
26209
8898
4895
9090
12203
31188
9942
11188
2497
11346
23853
24241
787
150
26070
32127
31645
10098
4715
16807
21398
11900
72
2221
1079
3249
21540
12297
23379
28373
24197
21319
7260
32354
22723
5141
14581
31960
29359
3606
4637
24390
29892
378
28167
30788
10748
15814
31168
16626
22303
28402
22973
30360
19839
19066
28251
32743
31414
15975
25815
18045
25400
29142
15162
5673
11066
25966
4654
23037
22639
3034
13690
31259
11869
20982
1378
32712
24788
18231
27398
27865
18635
21746
934
22454
12695
6734
26488
25529
27844
22350
20450
8036
22440
14021
28879
32239
25709
9455
10892
9022
18733
20271
7967
24058
12890
1145
22010
26185
23013
24421
6645
29401
29092
7817
10505
23120
14444
22649
20233
9699
28410
24019
20751
20031
13556
26821
7676
9239
4746
11034
25209
1370
28614
26196
24832
16827
17373
4758
29206
14564
20162
25989
10030
18682
11353
10478
10131
25028
27179
14827
12304
31352
10564
12421
10801
702
20850
16972
26529
22664
28069
14047
5093
3310
2777
14845
7173
6943
488
9374
5537
27921
30589
12187
1835
766
19673
28430
19231
27316
22656
3933
11306
12463
11696
23559
24414
4153
6372
17834
21287
19736
30508
7622
10286
27311
22047
21254
3679
20845
2395
5184
16935
20182
29707
29259
27124
2296
22777
15542
9217
12306
2035
30145
30333
26457
32573
13020
8932
2131
28342
7781
15941
6114
12080
28764
6063
19468
5888
28735
13873
24100
18140
19449
16794
31073
19098
9785
13211
22499
15466
26715
28147
987
21164
17704
26785
11457
20100
8540
28142
13342
1827
29219
23557
18292
1284
18234
13266
10926
24530
8483
3600
25045
17986
12159
30504
23978
31974
4475
18208
22746
19530
1692
19106
3787
28837
13949
7336
2658
15753
19999
20840
16750
4183
31245
10388
7353
23546
866
2413
29738
10739
19730
8871
27639
16051
23771
16367
5010
3184
12889
21749
2743
4404
20380
2192
29700
12447
16081
14125
10959
2160
27695
12559
25884
7941
7950
26018
25457
12280
8043
9804
19718
12836
15358
23355
31775
4421
31494
21239
2752
29627
25769
20898
26726
20561
25552
5695
8889
25848
21515
1527
22980
30238
25840
1975
14096
24304
16936
29342
28389
26146
2828
30784
15066
4724
13148
32729
2180
24734
16373
13313
3836
11401
30428
12760
1649
13684
6450
27074
32457
6677
17358
30484
7105
24177
13199
26689
18932
30961
30434
28067
28074
14573
3956
14253
31840
2470
19223
112
26466
23124
21333
3860
31699
32689
32646
31132
26250
8148
26919
18360
25836
521
10007
18296
14133
28866
13703
28501
10442
19990
31317
16392
15995
12232
1
7984
400
7897
18426
20265
21202
22753
2842
14457
23145
8319
24544
761
19643
29347
14268
9152
794
29427
28039
10679
2378
7791
26640
567
25774
15234
9337
17049
29951
7420
25913
20177
29201
225
16296
20643
26593
22203
31506
32151
23220
8327
23510
5218
2147
2234
26008
15399
18643
7015
2087
8256
11590
27385
312
6193
30448
2784
31500
10671
10049
22481
30531
16543
30262
26342
25959
668
22916
16152
24913
19918
15644
8097
22776
14434
8842
26088
13028
3540
11872
13603
199
22353
20023
26816
31101
5487
19778
6169
22085
10718
29629
5527
6888
17839
29487
31818
4473
17243
30319
25454
22781
778
12095
19983
3225
23612
925
21657
30526
13305
21510
14942
19865
9526
9253
25810
9747
11068
6184
11062
7518
2727
18100
18622
2933
29296
8010
15087
15804
24915
12509
20787
24635
19063
28903
10121
1581
16289
15954
30865
22403
2124
29948
10397
7134
23618
32696
13308
3780
11351
13898
26382
19610
21358
16502
290
26470
27663
16277
11378
4193
26341
31737
10110
28145
19917
1816
8603
7466
8565
25589
19772
1999
16075
20136
7356
18730
9261
2991
21892
23747
21789
17072
25274
1867
28075
20788
14622
13104
28237
26098
11211
31631
15860
11403
1828
27410
14808
10354
13065
18115
25715
8412
7976
23537
11060
5960
31017
12819
9517
2721
3343
10703
11405
22144
26777
23380
2280
24777
1213
27275
26329
14953
10498
13650
14884
20816
24141
2606
570
28375
13835
30432
18798
5968
1889
9638
14983
30002
14326
12283
13060
4872
16749
2317
8910
5870
8883
7472
16647
31753
4243
13160
21962
18452
15174
14177
7007
6858
1149
26348
30847
19269
6553
19560
26862
27190
19927
29332
20036
28757
15170
19583
13967
19089
5498
14079
1929
6423
22359
7593
22174
957
16792
11605
14784
29694
15974
13172
30691
14678
5187
20512
14082
14753
32568
23788
17252
25579
7462
15438
21829
26262
13785
123
31659
25736
22074
21611
8518
10162
26234
24746
1937
11150
27130
4265
32476
15581
3990
3964
32378
31709
8921
7165
25938
32095
15289
3138
7834
9414
19928
5242
12272
347
30154
22804
10898
6341
18410
17272
15889
19201
29822
13301
31487
11250
550
759
783
9783
24343
28729
19026
7417
17932
15887
20871
17165
21634
15476
18342
8362
14650
25894
9510
26522
15842
13992
32000
20407
24851
7389
12075
25568
30256
11825
29791
11786
31891
29705
29736
4644
15381
17953
24477
24814
31959
29952
26073
30042
18326
14615
4672
26383
9571
7123
22959
1108
26012
22453
8230
18937
18776
31654
22183
12103
7553
9457
25906
32041
3845
23123
22712
720
27358
24049
21012
5650
28091
2840
18304
20426
2174
24158
15833
19232
23939
13050
30
14060
10251
19681
28863
11341
12642
21689
2284
11041
23790
5539
26165
25424
11588
16361
5861
25957
31137
7325
4508
20210
28528
24620
21500
27196
13747
6819
18738
22045
30366
4776
21973
2242
24409
21582
23508
7895
21557
1695
13503
4397
29699
13995
5251
12413
16830
28916
21787
15411
8526
14603
4559
3169
7574
27096
6915
9558
22859
25141
31320
2443
16007
28949
14809
9150
31982
11747
12516
11109
29568
18470
20783
11873
13405
29521
6809
20753
5904
18996
24431
11543
30444
17225
4443
4866
24173
4447
10202
2401
30106
11972
13319
4111
13954
26540
17166
17720
19508
3689
5633
13118
3122
7556
20274
2115
2710
25281
11099
8186
27858
12186
814
24604
10969
6919
29363
24861
11707
8513
17276
30911
11264
12900
2458
20057
13159
17594
28105
1368
27479
28750
20006
763
6058
8282
8344
26284
28282
8899
21570
3380
28836
9031
7027
24810
22192
2083
27632
11734
22599
22348
13320
25578
16575
30548
3496
1026
32630
11713
15122
5671
9681
10009
28919
5228
26708
27177
6431
17758
13048
26679
1524
2737
11547
6840
9456
23264
30104
10315
25587
25698
14458
23063
15248
19462
32761
26634
10340
29149
28451
2488
27272
455
16727
14661
7308
19789
26331
19748
31373
17566
21038
13437
27348
20301
23031
9385
4892
3038
1657
21884
373
28130
19907
13334
20551
16729
10333
12503
29060
12487
12549
25960
20674
27217
7152
12400
8482
29513
25614
31876
4852
894
22427
26066
11094
14928
21609
2439
18648
25787
12061
8736
3381
28495
12418
3296
32019
28424
25238
1542
1643
25760
17560
2998
24160
23347
31121
24020
1763
12694
26797
18427
5813
1207
28778
11878
28233
22734
8149
28909
32316
12610
32454
6662
24602
1598
1288
213
20547
13056
2103
9292
15221
17359
23842
28526
31719
24737
17650
15046
11294
4306
6307
17054
25250
24128
13729
23093
19874
26572
6761
8141
23753
28185
14574
2957
2286
7547
23917
4102
31702
22832
6163
8846
304
24492
13965
22484
31370
1945
19217
26752
19731
21961
18739
7626
22872
9487
24346
17831
4693
10802
12394
18820
9543
13764
8333
17971
19001
13180
20998
8494
29576
6357
27497
27378
23072
18106
1632
9033
24389
1350
18119
32174
10661
16919
25443
24792
1515
8724
7161
14381
27728
32413
16566
29241
8827
29507
10607
2566
14244
25819
20566
11609
748
17765
324
9300
16493
23388
14597
16736
15242
12680
29748
22640
32725
19396
5894
10912
22400
22570
19525
15564
28890
6222
7436
14042
30838
25756
2068
646
21598
1505
19392
4903
7372
27828
719
15362
4922
722
454
25661
11889
29172
14777
14390
29443
3969
14014
7481
28369
30350
29368
13720
29496
2754
16922
5982
13912
3972
28971
28320
26479
28955
11758
28797
23718
10578
13083
12600
13808
16411
7494
9131
20019
9100
26275
22255
28539
16849
13280
20188
26627
26398
7493
15441
3488
18549
17386
12633
22889
2081
19123
4576
14836
17781
11347
15200
16496
18760
30402
25159
14815
622
30224
9811
6418
2282
15911
5459
6775
27046
6566
27946
2997
23661
17005
27876
2375
19233
4838
5528
6896
1640
14122
25297
2726
17173
1157
32438
29658
24504
24991
9400
31964
29254
28715
27762
6138
5329
8315
22190
32624
21821
10529
13931
24611
27984
29520
25516
1961
26554
11075
13628
12803
28423
8377
17804
20424
14362
10829
30473
23835
9416
26434
32349
29295
20729
17576
31426
22896
14225
515
24258
11812
4755
6333
28650
1965
31211
14572
26982
4234
5880
2589
10903
21635
24779
21930
17736
19176
31040
17052
31074
18498
23104
13559
9242
18822
12422
32183
5221
10134
10067
23374
13153
10838
25211
24009
14009
25068
31554
1308
26838
24925
7524
30125
31872
32190
22957
21660
25286
27240
3133
2603
23019
14885
29280
22476
282
15861
22904
1531
28270
13608
29232
32198
1484
7966
31694
3811
23465
22918
13345
23570
32605
1520
28742
10855
1648
17699
2113
16301
23096
27374
27330
25745
7550
11607
17393
28581
2583
13007
20784
23202
32694
21294
30440
24039
10975
4499
27980
17062
22513
32120
15080
27050
19820
15198
14366
13019
28287
21850
20379
8018
26541
18763
4613
29058
26698
14681
21740
14364
12465
19795
16619
21637
22731
6577
23056
25316
8837
12371
22542
13071
22779
1502
17574
25265
19209
14338
22215
26988
25814
16754
21464
14606
19197
24994
3276
22055
19889
27849
32206
16735
18837
27023
10604
15993
8034
9439
26836
12083
19416
11463
3356
27986
4979
24516
28252
18473
11017
8824
5940
48
8325
8860
19292
25475
30406
1617
6865
1548
5204
21339
6916
2063
14634
32317
23254
14394
20766
30737
15900
28966
15885
16059
31057
506
9478
20883
21602
11649
30322
12576
16159
20281
27380
20842
31025
30510
25279
4411
11615
2071
1491
29227
14313
12084
14758
32441
7654
24488
6171
13814
15575
28847
10346
30686
9828
4361
9422
11668
25909
32693
9427
9096
3216
14440
16780
32589
1600
14167
26189
12032
2699
24966
14414
17840
6494
7993
5555
5159
174
15482
29560
11047
9347
31416
12081
9070
11579
31892
6052
10760
6317
31438
29763
22238
775
30864
10757
16625
3389
16170
21288
13710
5840
24236
32303
23655
27767
19453
5472
5037
27929
12019
9463
28250
27804
5678
20596
18216
27669
16888
28238
1093
22396
9793
10846
31878
29853
20383
4463
21242
17284
31258
12619
4494
3646
6864
29672
4125
29806
15732
21860
31488
26880
18532
12206
31671
17450
18756
21814
16263
14593
4598
32199
29318
24360
21667
22563
19435
28328
16673
32136
1914
14798
31395
16422
19590
16684
6648
6925
30216
30098
18535
6658
16132
7527
10978
21796
9362
14160
8503
2120
24500
30807
29727
6539
1615
4379
4174
25375
5006
3522
26418
27715
13959
15241
30419
12705
6818
23237
5309
28203
7623
3198
26720
21317
31990
30170
17749
4033
27229
2372
12640
15545
29633
4749
31084
30763
29192
26544
17981
1315
29
13694
16299
11141
31300
1884
19062
20344
26948
22505
17485
21723
7893
31539
16371
8928
13482
6830
3831
21941
1665
3678
21549
3315
26484
3253
26714
24078
26629
9437
16983
21874
10142
4341
28190
23084
16939
13394
26000
23376
24499
14858
19484
31192
23581
24625
11423
17379
10429
25249
17567
19705
13241
31701
16657
23034
27679
9853
9553
22492
23521
6461
31050
23300
3477
596
8659
26002
9321
6766
23792
29673
30150
17242
6400
15118
5407
8092
31634
13535
2642
26805
764
935
31150
30880
15336
31497
23529
24753
27304
11959
17466
11945
19629
4342
2515
16847
1477
7042
29047
18461
2675
26654
25162
32482
7136
2533
25180
7127
24842
16348
5275
11349
7363
28307
20946
7497
29618
5178
23422
3501
24457
1565
16101
28184
27299
3999
17306
10275
1704
12007
16097
12511
28443
1955
16462
1452
17134
6113
20866
19279
22252
15532
18163
12637
6348
17511
5694
25395
9846
4781
6065
28636
22306
18323
15592
10811
12990
17860
17240
28097
7911
14822
1894
1432
4801
18870
6885
22007
6391
18752
9105
27604
3113
8189
28723
20909
22875
168
5794
27350
23114
27956
23213
2611
5659
30605
2531
15049
18740
26162
14074
8496
15595
31820
16254
28033
930
12147
7422
8563
12614
29433
29199
15276
19602
4689
13045
14044
8085
24667
16816
32133
4519
19192
14956
5727
18464
1395
25189
7398
8342
14066
9918
24689
8196
9149
14221
29308
4818
22634
10729
27048
29038
27988
6161
1837
6536
14395
24553
5126
32649
26183
28902
3598
18766
4738
12096
1626
19992
5274
10759
2380
15514
17217
13102
31205
7718
4343
23542
22435
8590
24327
1710
22998
18026
14833
13673
32103
25311
22644
18511
29488
2544
32263
31970
10156
1839
2569
20508
5336
597
14025
31276
26516
6715
26972
8650
26950
25191
15926
10507
8169
5933
23620
9910
10491
28823
7747
22954
8754
28514
30994
23586
13857
9188
19594
20054
6011
22159
32068
22917
1330
12783
17973
25266
15609
17770
28195
20734
24970
9600
30760
15910
3754
20869
13154
15489
22135
31039
11466
3644
30836
5637
30373
16437
17440
8100
31229
1222
32007
2584
23460
9006
8421
23301
11101
19216
17299
23920
3008
10939
13453
586
32716
14242
18550
17047
29013
1450
13117
27670
4575
837
29741
31985
31193
22493
20343
28987
22652
27934
10546
22868
4539
4728
4145
14619
25988
8551
21192
15955
21908
5986
27886
28168
25990
2550
2882
20338
21633
16651
12941
9882
7714
12512
17995
21380
9731
9394
19390
3706
24219
16746
5797
18743
32050
19085
21058
13436
4741
21865
21871
21363
29108
9575
25865
3541
30271
5685
8913
11082
24475
10921
14436
3611
28432
6294
21065
21914
24515
29653
24404
7444
11365
6747
12587
22884
740
11098
24089
11305
3202
7632
19856
3003
21027
14426
8713
21087
17978
11380
16739
31011
16873
5358
24574
16955
25037
24582
18319
11011
25860
23211
1398
19445
4957
14168
19751
25031
605
32337
20008
27072
24025
12879
30426
3710
14617
10934
27309
15113
1925
10267
30529
22451
22287
4703
613
12134
8180
7184
1927
25273
16829
18791
22263
30389
32225
28462
10822
19768
3844
2885
27432
27684
12107
25237
9988
4302
144
10681
26986
27045
19182
23209
2461
3726
2257
29235
24961
29830
12909
5108
19745
12209
13407
14712
20347
2746
28900
9855
5229
14187
30543
15481
20317
2984
21207
12179
15679
4708
5972
32371
6034
27277
25628
2294
30974
27267
29949
30797
29914
17278
15615
5409
32465
16006
9576
6613
6917
12888
4710
30296
25468
5488
29284
12309
5372
2573
16554
21023
2739
3574
11744
1362
122
14346
404
12934
17214
25445
22405
28515
26048
22245
3979
13110
7011
5851
20931
1508
29309
10891
21298
2101
31906
18582
22208
12074
30232
29847
27784
29838
23752
20404
15678
2153
13892
10427
654
13635
19246
283
8460
1203
9205
24717
19327
10050
8131
2283
24568
12832
16310
19634
5689
28176
4347
14563
10317
32172
10522
21243
12578
18328
31691
15069
15584
23579
22071
13297
18814
1495
17195
23182
31904
15053
11045
4754
21259
22858
26047
23418
5854
22250
10076
31257
32128
9172
12871
3602
27609
21210
2521
12669
22882
30662
9360
1417
29165
6834
15038
31761
940
7878
20582
6486
32209
31285
12975
1435
18727
5997
14282
21754
15933
16724
30168
27226
6640
21206
8567
21695
4226
26928
19942
26326
30955
233
28586
26205
24377
3835
20462
6477
19285
17998
22339
20614
8334
11167
5414
5610
20506
29800
32052
28766
3024
31371
4649
30782
24872
31815
29532
8816
4920
22650
24388
6570
25622
24234
26384
22363
22601
17363
9516
11274
26968
1353
2698
13194
15021
29904
8907
18789
21854
11891
17661
7506
29622
3437
5249
29102
5990
1029
29045
4911
10738
15334
26093
24054
13591
26520
19734
13098
1135
15455
2601
19644
6568
14549
20701
15672
30616
22220
17568
21786
17963
29877
24567
19711
5040
15827
15126
16098
1946
7148
11356
22687
27581
9943
16040
21340
10423
27559
20032
19801
13974
12690
7233
700
742
26804
22609
11940
20068
1494
14675
15146
19142
20807
6064
29540
20464
29606
15659
9533
18331
27006
9978
24824
8441
12169
29595
28139
32570
28710
31390
19840
29720
11164
20249
31239
30463
14034
26387
29008
29965
1788
5385
22387
17384
21827
18397
4363
264
5167
27638
10252
29156
11531
30846
30196
24843
26130
21225
28832
29055
18687
25554
25489
12827
11289
31303
1800
11444
27318
16871
23682
7040
6741
17266
30979
28502
14212
8509
21912
1607
16279
9822
24628
19636
1670
10040
28426
27427
11318
490
24246
20313
15332
16394
16303
19293
20548
10874
26163
4327
18699
2479
10640
13273
20286
14971
17336
11593
11913
3036
12526
27465
12027
3589
26011
26693
30498
26065
11632
18934
1396
30247
6918
26123
22942
15948
31
7246
15686
4790
10036
19843
22463
7884
29042
15462
16726
15183
24665
25333
15268
14812
28530
21007
6907
26694
32415
30142
24000
27137
9821
12910
23369
13698
29828
6954
28362
10380
4939
18920
18930
29412
13721
32470
8769
1586
16804
9522
32326
23286
12484
28417
18580
5413
12348
6849
25563
18404
16136
20290
16879
12994
20112
31606
15209
13656
12198
25092
14614
22316
26918
3761
12527
28699
7913
28713
19377
21256
17196
22521
14398
7150
17357
9136
26450
5573
15143
826
9331
7571
732
16047
29577
665
114
11362
19437
26481
18479
9602
6004
23023
23779
24840
12586
31280
28605
31464
23556
3206
28268
20316
7539
26893
13569
9170
25188
18556
16951
8295
392
12343
6685
5499
25161
2985
23259
31814
13359
4485
26233
1049
2693
17099
5909
10626
27817
30959
2130
6228
2850
26892
17014
12040
21132
26083
31146
25165
17626
22008
7827
25630
6194
11621
10187
13177
5068
13231
17912
27116
30436
712
6932
4017
32635
30315
31195
20247
27228
13838
25394
10078
5101
30932
11802
15666
27356
21053
6221
1066
18094
22210
22546
26916
25085
25645
7640
1880
15938
9064
3778
18623
25694
31308
9646
4326
13763
25153
6025
26595
6688
20825
30113
32003
32191
30812
17565
31848
31851
30602
3373
10954
17048
7914
6999
25329
25193
19373
9346
9383
26826
29423
14562
18067
20823
10761
27061
22949
25342
26116
17624
273
848
21613
1631
6042
30380
11683
18187
4019
30480
14999
7023
29678
4585
17465
15952
24946
31102
27504
1253
21156
23683
29543
6604
29051
1629
29146
18241
449
325
20056
27712
6968
30396
5846
4051
20684
28148
29171
2989
3751
6641
508
27417
13595
9018
16453
17735
16262
21763
5320
8573
12366
24312
7934
3187
17334
19113
3949
29761
18546
16495
4350
19424
3570
22279
30235
12097
14496
13526
14188
25106
2000
24294
19273
5425
6241
6689
25213
19408
29758
3425
10472
18020
28496
88
28914
17377
15158
15006
6278
28820
6168
13913
12079
4664
5306
17303
14856
857
28905
29778
2334
16427
28433
18418
7090
4605
2304
31490
28070
6846
24014
14343
23178
18085
31218
28477
8332
20216
18864
29322
519
5434
16003
30918
20282
32475
22729
23532
3882
17472
6691
28529
3976
6537
25666
1023
15779
8927
30307
26433
11255
7181
547
6316
17553
11981
9314
25410
9861
26801
16198
22744
19330
10816
4851
31564
11014
574
20624
1433
11132
31937
22205
9756
21645
2922
23558
818
16903
29510
29610
22337
23391
18275
29710
22101
30127
24429
10342
24514
2728
9808
23180
13468
27774
9111
22472
20793
22578
14943
2501
15202
3427
16838
19210
7498
17877
20890
5104
31783
7503
20929
20904
24896
14396
17064
32216
16283
12622
10109
31104
13971
9041
25878
20016
30320
6620
27610
7038
32526
27593
10743
30513
13551
4966
1661
12237
13653
20094
10585
30019
27135
26110
25605
10216
2765
268
28314
9929
24080
25550
24914
3165
25051
5566
8106
5624
8381
25034
20113
9197
14795
22709
15138
21313
23176
10762
29709
25430
23614
20673
13458
32388
5574
9585
8369
22107
21355
23082
1843
4495
31760
1766
24104
11010
26784
23481
3827
28220
9093
19507
28616
18403
31191
30309
7510
10769
26534
26039
10990
23987
11001
1212
8065
4011
19148
25080
13622
13189
26857
11213
7752
17463
8985
14012
12168
18537
10467
30392
18974
4211
31014
3405
7507
958
31163
15816
32620
15764
24243
4713
26469
18166
2105
26375
3185
22099
6123
9858
16194
4824
17836
27780
30246
26808
7985
6737
20888
15013
8323
14334
1935
569
27102
12245
21177
26644
9296
19588
28191
23519
9599
571
16621
32301
24487
11507
15828
12082
4373
13816
8320
6183
6310
1992
15864
21808
29564
7625
5039
22706
7394
26731
26768
25497
23840
19851
26913
15484
2278
11582
16923
9420
5168
15151
7600
28020
31605
13985
27112
19900
14383
11941
991
8774
20646
12267
19039
23313
31640
30083
11461
17198
4207
18126
18489
27278
12844
22901
3756
355
13606
2415
27004
9999
22312
15787
8709
29529
5363
6719
10928
11276
803
14386
25767
24569
30966
3270
28864
2612
1384
21322
17969
10226
23574
19043
27825
5331
21759
26495
21453
4670
25453
28822
2948
10771
18741
7219
16952
22098
15967
19265
426
25998
15468
20939
11488
20470
9030
16008
17810
28657
32262
8015
4366
13629
6035
8814
12399
17655
17454
15196
11751
7828
30038
17816
9605
19936
17405
17706
25172
6328
29079
6249
68
16426
19533
13655
10695
5172
5404
29159
5924
31174
25931
29003
125
18749
18787
22747
12378
25624
20911
30147
17619
9084
10373
15759
32434
18419
15350
16645
14104
32641
30992
27084
8750
22254
28625
26974
5516
10799
31944
2825
22534
8558
20965
28143
13439
15840
20325
23235
14579
23638
31175
5147
793
4112
16488
6560
7629
28054
20047
5865
17573
17081
5993
23952
5994
7846
2761
6981
32087
29587
15135
7377
16333
17965
27347
31326
9044
20511
21784
10612
19014
27706
26675
23278
2890
16246
28112
9247
11210
16716
15706
2862
30949
6625
5241
12651
13726
22614
15560
18679
25039
4874
32687
17762
16921
31147
20719
23848
12914
30303
3781
18900
20846
13490
27095
11144
3290
31399
24175
16155
14608
26041
11493
14932
7252
20862
3125
1928
7265
21774
5444
9393
28262
16030
14519
20528
27833
11209
7693
7666
942
13632
17506
14328
5293
30118
5279
7408
30875
28291
29350
20352
2729
13743
1000
28897
13803
27289
32070
8393
186
24793
25738
25728
5920
16525
12092
3770
20863
7858
4780
26868
31842
2876
3250
12189
14126
25663
31044
8175
27965
5930
8521
3399
12568
29031
28256
18595
14571
14473
25367
11511
12849
9829
14475
13906
17199
21268
24416
24640
32357
22612
18195
11361
24038
18610
28850
17161
12854
9307
18366
18553
2650
23935
14665
28511
30458
30960
5532
26263
1656
12038
31381
26198
11482
10496
18988
21199
25372
808
9658
17338
22191
6705
18706
32480
26874
10363
6665
31710
9011
20130
8128
12804
27617
21597
2796
6174
10001
6005
22170
9873
1440
7980
31333
29932
12951
22991
23484
32336
30743
10213
9452
27388
8870
8066
6468
24826
28278
26945
23704
23366
26933
14038
23745
23190
16382
14097
23941
13328
14137
20028
17500
31979
24471
21062
26248
13325
18105
22455
23513
27166
22304
18506
946
7452
13685
29558
22384
14846
29750
25271
17101
5254
31723
14123
21580
9323
30950
30030
12992
8787
30564
3361
1459
6101
21780
23867
8685
24749
30172
1359
30505
13141
11980
3120
26872
713
6555
28324
10910
21607
27238
15927
11569
13538
15312
6782
1121
12116
27331
26323
22944
25217
7166
4400
9698
14955
26459
22890
25837
26310
14319
9814
165
3438
14400
29920
24570
23515
30649
21936
19969
22127
30948
20040
954
16484
22383
784
24669
7384
13460
10936
27232
22716
19488
11079
4802
27181
478
19441
8624
2719
26875
11374
26345
26207
11297
17851
25435
17757
19031
17128
22898
16800
368
20142
22951
24752
30476
27141
1392
31913
30910
19410
9809
6023
20418
2175
3351
14524
19760
32202
19319
7104
5630
23506
21662
27176
5974
3282
25910
15416
21383
3415
8318
2950
14101
20096
9676
7732
17295
28926
26261
16910
8519
21881
1938
27991
226
25507
6481
11845
8416
22468
12190
464
13881
31683
25352
12842
3363
11371
4297
11757
23880
12702
12837
23480
19172
1513
26952
21610
4075
26941
16672
32107
22136
17008
24894
16990
26231
16035
26436
22379
19813
10602
19187
9301
29756
1620
14909
20676
10645
15444
2702
31388
21165
24228
1151
28895
3079
28807
12918
21009
31651
9113
29097
1526
26487
1262
30097
27193
18165
11938
27021
27496
540
5107
10341
30035
30878
24031
4339
12142
21558
1100
812
791
26160
3842
2032
9976
7994
16135
4394
3848
1264
6406
31604
3143
6965
32563
4358
17392
10135
7899
17700
22323
2011
22569
24813
27880
30857
11442
27158
16306
20134
16528
138
11917
16249
8626
16753
24283
13473
19170
18211
31225
27062
32400
2713
2820
12949
10387
13706
27636
29408
23674
15172
12765
31247
29437
28072
10147
376
30287
15168
26104
6961
11552
31618
23580
30007
29331
11103
189
27692
28104
25078
13066
12387
14330
26474
9805
16185
31816
13337
3774
16357
12058
733
19674
11111
13136
21521
15537
18849
26659
8808
13695
30818
4268
23866
30906
1490
29431
21503
3055
13662
32585
27248
28993
14354
12776
3408
4436
23609
4662
18598
18513
19934
5599
10458
16576
13505
19490
23087
17813
25983
5326
29175
20589
5929
16416
26498
5206
17598
1809
25418
23427
11376
8298
7208
26158
11498
12230
28465
22202
24093
31096
26090
13590
3711
15206
682
25940
17060
26831
3595
22231
18310
16820
11575
2167
11116
4583
18512
7879
11525
11470
13196
7750
19633
32663
11497
1043
13749
32718
24858
1948
30071
4187
13162
8734
17996
17147
31335
1504
24303
6920
6047
32154
26366
2976
4128
8392
29357
22429
16321
28997
28339
32462
21717
26849
21966
22193
30811
24708
18288
4277
16491
22076
23293
9016
30945
32053
32069
2159
12261
27541
12257
5074
10869
26223
10115
4425
6013
2757
25016
28517
24194
14209
21813
20647
10746
30108
12474
18505
13012
13438
26580
10476
1182
13620
525
29674
1712
21462
15977
27652
27954
10220
23828
2527
10755
18971
23046
30793
17582
15115
17509
19239
31806
11762
2870
5511
20937
6784
28294
11437
11830
10266
25843
1051
15843
20776
28988
6889
21236
29084
30189
16678
14888
17383
16550
17584
26273
2236
4947
24198
18859
17790
15793
27423
21905
4978
11598
8629
28210
4230
31152
32551
32523
24155
9324
19052
7535
30882
16966
12347
4935
17236
5360
2178
5636
16893
5449
2003
32152
14939
26327
3555
17779
18268
1193
29351
20978
5761
30922
13823
5152
6996
10053
26328
2335
16675
27826
31153
26639
113
23022
6706
1784
4055
5586
20786
30143
10227
1075
32660
30427
22669
29245
2310
17050
342
26236
28548
14405
18108
25626
12069
16770
20769
22828
18179
31792
2549
25027
23428
7086
23625
26449
3935
7710
25607
1084
22820
10601
19092
30957
17905
30794
27863
4964
12174
12824
26435
15913
26830
18065
4103
26505
20288
22444
18538
1899
24992
10577
19833
9888
26647
11262
16264
19572
6115
361
32096
30321
31012
16569
20546
31459
22134
22960
11970
8829
20311
5046
15253
24098
31921
26837
16547
14692
7696
30571
23010
26896
6096
23214
22482
30989
2813
21574
22897
19994
20152
31708
7460
15718
26081
14954
6186
8030
26497
19812
26745
203
30916
27770
25854
11465
13677
23191
24313
2782
1506
17009
21022
7375
12164
12167
660
20975
3651
5791
26670
16582
7886
28725
26980
8167
31157
1758
8336
2945
8677
5300
3307
16372
30304
7982
29623
29917
26352
5362
8739
10073
24903
25111
6516
3342
2212
886
22380
30614
24763
29464
15179
21910
25754
21621
8571
3392
2059
11690
30466
16974
25289
28206
26277
1017
31597
32157
29333
4050
14807
23864
23272
10465
24250
17789
21245
17186
11660
1560
7028
20509
27205
29301
8560
7537
9476
1711
3790
2276
10083
29693
11452
28661
1873
23262
32309
1775
5866
19455
15756
29292
2136
14717
32643
29713
3954
2069
9142
30488
21903
20137
7906
24756
28050
30258
4434
10736
11935
22638
9763
28093
17715
14124
21878
18845
1877
6460
32408
26686
17356
28345
19003
16298
15301
31283
9177
11138
20359
13811
14359
19317
4912
6924
31873
9810
23953
31643
12405
21251
4611
24036
31975
17434
6675
24972
25479
25000
37
11993
11140
31160
7532
15178
9349
29349
17033
17952
27611
7064
16947
10567
29041
8292
21047
815
6016
32500
923
27129
27458
8418
29086
18168
9503
24201
6881
1536
2041
7116
14432
13316
14476
15262
24916
13783
20677
1232
31114
4147
18953
28540
23187
4099
22432
26112
8510
2419
19931
11849
2604
5149
19867
23318
896
5698
21440
9693
28476
18204
548
23333
16433
30212
9102
28415
5585
16884
30572
14871
19451
28753
21564
2759
989
5410
1854
21666
20041
8071
2969
8600
14566
4030
32234
20276
25160
22283
1246
25627
19336
12141
32021
697
2020
18881
20906
14350
4356
27551
18997
16481
22171
7174
29872
7014
1286
25033
17074
28593
19312
31312
30449
2891
6813
3142
12188
9352
28289
4768
13362
2455
22581
17133
16570
20374
22258
27542
17623
3393
5227
28086
20725
4082
19151
4316
29788
5266
32672
11130
28587
28512
14131
8096
1380
3924
19255
21302
17561
15565
12828
18708
11990
29943
13840
23765
8208
23877
2431
18111
11402
28043
7404
6219
4253
9683
25941
27415
21120
5816
10480
8866
11871
25449
32487
16584
17361
29398
16530
15286
11880
19599
24522
14917
28232
29221
9208
7339
6564
26887
32377
7929
26747
31530
30167
9406
12277
7739
18548
16244
18161
22571
5239
15103
22072
27647
10045
14450
26192
22291
24757
16992
1776
18109
696
27640
32674
18333
30947
27068
25261
7212
5775
20375
18827
31688
20254
3524
6354
18693
4093
14165
8255
20664
28881
1400
25789
27270
20376
14864
12314
11229
28985
12721
14559
31287
7678
16419
23394
23206
4639
12289
32473
23539
22415
15630
23438
3109
6380
32207
30535
14923
29631
23411
20678
21513
21851
14148
19792
15485
25082
12585
899
29485
2995
29829
1514
27172
8654
32067
23639
30351
12809
14898
4441
12308
8179
15851
27164
18219
16798
17876
20205
20577
29093
7120
15067
30938
32017
29225
26915
14311
18913
30834
10047
22129
21644
30069
20542
13796
3634
23881
17975
29396
20335
12978
18354
8227
28507
12090
7871
25932
13900
25344
17468
6323
26451
29125
9970
12950
23479
17145
29772
1052
32432
20685
4337
17181
1817
2734
30953
15919
13761
17003
20071
11134
22909
11446
167
4860
16447
7833
4213
2151
5687
26425
17723
24578
19819
22927
26650
12039
2463
29339
14596
18229
20578
21627
21529
25540
8399
3044
31700
28562
32668
12830
23667
13619
27740
9192
16766
27816
30728
7316
22691
24425
19351
7991
8819
2707
6056
1209
4916
23744
10329
27597
8987
29005
6190
18721
23128
24736
4261
4658
14975
12835
16959
24318
27901
20039
21663
14156
29191
26193
9275
23189
3765
1939
1707
18646
25347
6229
32557
16126
22663
23251
9948
14336
6723
9303
25704
13605
24335
30404
19660
4737
744
18429
29661
31455
9257
9592
20716
31786
5311
28258
5197
20991
18736
11026
32676
12295
16055
22530
18177
17991
2847
22336
31005
17867
26795
31900
29619
12171
7400
31919
28907
11051
2460
1683
27599
12281
16073
12144
13746
20292
31221
17469
59
19802
24046
32572
3800
32611
15378
21491
8039
5967
3729
11729
11069
7454
24373
22180
5439
31555
22642
18882
9444
2306
7108
32324
14724
16383
8943
23395
15687
4185
7551
6360
18214
5190
32043
2529
4252
30972
3776
1436
21989
1822
8286
20334
9972
19364
10418
17808
27803
31653
22787
11125
5759
16196
31773
2230
3759
22849
12006
32401
2524
22425
1348
26925
27667
5285
17914
18964
5625
19050
10140
561
2465
22717
12194
26079
22296
32295
6810
30076
13630
2747
16567
13999
5355
15303
7392
31553
10859
26216
2502
6970
12379
15760
13905
2875
25564
10907
19466
29327
29110
26202
5710
32165
21545
31176
19893
30659
17771
4244
17878
5985
22740
6903
27603
30391
13234
21378
28552
21755
5549
23959
23231
11023
10925
28065
30014
2399
786
19522
17038
16118
15201
30521
24929
28818
22984
27510
18197
15449
5776
16257
7809
4734
20562
286
30280
20030
1572
15691
18854
4621
3652
24864
6355
29486
8239
15789
16515
11074
5033
24289
19791
564
6804
16330
21902
12246
31493
26314
32706
13260
8936
25845
3474
23589
16615
18833
26767
14828
15597
8491
21658
31227
3912
4480
30340
12136
10840
14039
7790
26507
7656
28164
15015
7986
13586
28004
5540
25687
24469
12597
23802
19914
7154
16297
15107
29875
27470
1263
19526
9714
4304
10786
9155
17023
24638
20337
2937
21361
14178
23927
4190
4289
3582
13686
32471
31088
5745
28380
19798
17797
22375
846
19378
11961
23107
5427
11059
12402
32221
28522
27958
17036
27444
27637
30206
1729
4438
20176
21978
31963
29690
31136
12647
19642
2905
5890
1624
14639
4284
1367
7743
18029
20928
22835
23664
28308
18400
7323
15611
28894
1902
22054
15068
9835
16649
23289
20943
3472
22964
29365
10531
21714
19302
23200
17522
27777
24213
22331
32567
7979
9616
19986
8554
27776
21793
15642
32513
25067
31043
10944
30454
19282
9184
21436
27221
2001
20873
7423
24280
29744
4091
14682
18158
31721
3439
7915
28101
14258
18774
31231
1862
10071
9473
30173
23075
31735
22827
29186
26201
16634
12411
823
14004
624
23914
7117
1468
20384
7582
11245
24965
4056
13911
4656
25797
11651
12054
25184
17859
29455
23573
9998
24454
2427
29449
29158
8488
32275
20555
920
24905
17954
28712
16813
4925
9562
26195
26016
30499
11230
22354
10932
247
1605
32364
9117
7745
28727
9726
310
755
7010
20500
23426
19296
15650
1179
29039
14742
10570
13279
31525
28295
5502
23252
13834
21131
5769
8027
4238
9354
24526
8052
1280
29294
7351
17022
20628
4365
28064
22395
3864
26431
23132
20026
7021
9495
17076
26702
4797
11189
23675
17174
21060
18978
24841
24834
29651
13475
2887
17311
5705
17936
10621
18710
6104
32726
6377
29115
3234
23671
4950
16690
31183
20876
30559
28073
23894
6601
15865
6417
23967
17006
10596
10819
31625
2442
11604
14053
27294
27757
3388
29857
22295
31948
23858
31644
8595
29204
23818
26293
20360
32669
24042
19409
31770
24448
17483
29049
999
15471
7279
16560
29044
21476
14814
18386
15142
11002
10206
523
5246
22201
7975
6453
8620
20636
30077
7469
12196
16668
23133
6379
9631
3623
22286
32330
15419
10697
3587
4431
8702
13795
7945
14174
14289
26178
16347
25952
28849
31623
11518
9339
15813
15635
11846
13909
13717
245
21362
1119
28513
972
5558
13941
9249
32305
31130
30969
94
8874
64
22937
31681
2445
21123
12362
15250
25235
9958
29988
30842
25055
26227
10778
24120
9329
32153
24723
18885
4126
29402
25283
11364
10394
30735
10392
24395
25557
1081
24866
10707
24113
24711
4581
23690
21025
178
14714
6663
12111
29573
3183
10302
3837
31123
16300
7907
32013
6464
25877
21883
16535
5374
8831
6635
1989
5605
18723
21155
2596
11554
24359
15534
14866
21832
31095
19161
7689
27778
1097
249
10136
5024
5250
1574
9755
16573
3197
28669
15790
8044
23142
19665
26568
16642
24589
22289
30591
14441
32396
31063
19855
326
21130
4512
25821
10195
1543
28565
1335
10654
29817
130
26473
5466
9662
24190
24119
15980
7922
27018
2042
21956
30940
29116
15047
7602
339
7841
1662
944
15731
15383
14163
18892
15267
1613
28983
16627
16019
16994
23724
4525
16598
30000
31903
19497
18683
29257
1652
2972
17763
13186
14357
24110
4283
4215
29138
2821
645
5447
8335
6127
26404
2910
24606
5740
28358
17140
6540
17365
8716
32032
29590
14734
1389
28025
16960
20988
21348
14485
5259
7053
3157
27690
17385
7314
17703
32141
31575
12905
28520
9741
15715
1895
20892
12505
2659
15464
32047
5290
24018
11247
29386
24458
28109
210
19224
6102
3058
13227
8815
417
10812
10900
25480
1644
883
21810
6479
28429
9980
27227
18846
27207
13826
12627
15308
3447
14081
18715
15934
15310
850
13994
11701
28765
12078
14229
30709
8415
30006
22466
24900
25967
1328
13827
10727
23533
5975
5069
17726
28197
20733
7624
30151
30227
6594
1973
20781
7056
20021
2260
11854
12440
11312
19482
30781
1480
1083
5316
3647
8110
13806
27616
14761
15894
28781
4624
5298
20204
10192
3547
23032
17484
4612
9883
5989
9993
24510
28077
1753
6299
20353
26531
17676
14322
7258
28828
14207
25980
2975
5098
25829
27508
9264
7143
11455
29677
25326
6995
29233
7844
28280
21392
19361
18492
6730
5533
8078
30706
7471
18261
29584
5431
26415
3483
27623
25886
22764
29621
2987
22346
30701
25272
21824
4015
2669
630
30278
25835
14019
31951
12870
12891
9928
28738
22722
1891
29286
22845
18428
26410
18670
5000
31122
15372
8545
14170
14200
22719
3621
15899
25407
995
21338
5970
23294
6787
19752
458
30477
23059
24284
5531
19662
28040
7228
6929
11472
19797
30130
20771
23487
7146
32016
21421
7382
16686
311
26924
20525
10061
23716
16048
17597
7101
6699
9218
12515
143
919
12584
5908
28889
23781
31622
29589
3744
1042
4871
10586
4554
2619
4419
26711
19709
26824
3204
24501
20934
21649
28392
5563
8190
18729
12085
24233
14510
21880
10501
1065
27918
6172
25692
12153
27001
26643
9527
24519
19880
16091
31547
19024
21672
26822
6269
27745
25182
6435
24481
6683
23550
24286
15747
27167
3567
15906
32175
4648
9850
27260
20687
16562
31079
28598
24636
960
20328
26370
17163
5911
5055
29811
31565
25451
22449
3092
1009
20084
13991
21823
15805
27408
28892
28175
25336
11489
24418
27489
2173
7779
16309
4009
7992
9171
9299
5005
20342
24648
3241
7470
3683
11090
29527
5622
3002
23778
14629
717
8451
26335
9015
25759
23474
7708
12546
18235
31993
29024
2077
22370
5720
8269
11567
32261
14266
21295
9611
1034
16058
15184
22767
21864
9540
27527
17432
12716
22277
22145
25764
22376
24971
32684
2164
10141
24524
15123
2508
13296
10624
28092
15236
15404
18441
27216
27562
28204
8408
31491
19899
8123
12723
3692
26660
32723
3248
27498
3064
17089
14189
9617
27856
10765
16415
11021
7534
23599
28442
14379
23280
18043
17271
21750
6979
24624
5064
26841
32558
30536
5208
22089
5556
10296
31432
12521
8252
30195
1455
7167
31972
13079
11544
3859
9174
29861
16139
17947
8353
29168
5125
22042
15904
16420
20489
24434
19297
1594
15422
3302
1181
18802
18421
29546
13955
2843
16386
12299
29912
1528
15515
1487
3897
19442
3259
16594
27561
21231
30343
27035
31661
8933
10188
7088
25732
24257
12676
19651
24391
18904
15739
29766
13853
5592
6978
24973
6987
11469
7875
30066
13513
22412
9845
6952
3193
32479
29064
28436
27822
4372
24823
32724
3588
32698
16154
12320
14248
8798
31744
7773
8839
24111
7664
6874
18576
21919
31299
1971
17632
32625
6322
8063
11752
17309
3654
28483
26290
31058
2723
30159
10960
962
22275
27268
23563
31261
26557
19072
32227
9656
29136
16018
9951
5640
30618
45
32499
4938
14992
11616
591
3973
22386
32670
3266
7947
24420
19325
25517
13379
18824
25785
13184
21737
26493
18722
13488
28664
22608
12575
10693
23604
15847
3520
23064
15014
15758
13618
22142
29891
2530
25976
4251
22582
6767
23195
2853
28133
23101
3498
18954
24156
16095
25956
4659
19678
11096
9204
16438
9843
27700
18719
9391
25971
23437
20468
301
18647
32203
25662
27279
25114
18021
20679
6532
4308
16012
24936
19836
25648
13210
17098
1842
5402
7428
25621
10813
7948
758
21477
19215
22866
15625
17875
1027
17141
487
11719
14370
21193
31687
4520
15230
12426
20242
25148
15876
13364
25943
32518
1369
7920
31248
24079
23035
3970
31207
6503
23410
22104
20326
8029
17316
3552
18748
22239
13062
31861
22133
4046
4946
25574
11481
9823
8631
23761
22106
22817
6650
29639
2018
749
13707
22694
20473
16072
14715
25442
1980
1466
8806
20385
10784
26086
22518
21262
14731
17989
9767
13057
18696
16742
7293
9909
9648
13567
14058
10486
10956
2552
32745
17738
15342
18332
11246
32655
15309
4531
6202
6692
22214
17581
7060
12461
25422
15621
4169
24617
26237
17366
13541
18415
15676
18433
7058
18653
5838
21697
11243
24979
25880
24938
13314
691
12420
5188
7209
14511
12129
3575
19425
24247
11619
29430
1039
8597
63
26333
7100
23564
10440
15569
17544
1593
7324
21066
18906
166
3005
31798
24045
27896
8358
28192
4262
16020
18011
25079
9930
31255
22439
10270
26080
5715
1156
23786
14662
12923
28172
3441
21391
24426
29272
1602
24095
22300
9984
21991
15970
26344
19828
14278
25328
9950
11797
29654
30261
14086
20098
17455
27195
25604
24035
19496
25346
23249
9338
19064
8076
12959
27743
28466
27528
21603
17330
10915
8694
32196
27138
27258
9627
27274
28559
18215
27630
23008
7438
10129
9183
24149
28749
29377
1931
1005
4287
20983
18017
26051
24967
5657
12513
24637
25629
3139
20958
11622
2254
1481
31538
17480
14464
18274
16087
17053
15832
4433
30220
23692
12644
4623
673
25679
18395
20080
13660
23356
31715
6334
1474
11796
2769
18228
30088
24325
16434
11261
14360
12913
7492
8218
12005
23477
16472
15608
6989
7097
1669
13598
8376
29034
4469
20072
24833
24798
31201
6401
5345
15714
25218
753
12370
26413
14380
1964
29373
27223
3984
10647
27197
8108
884
25763
9269
14190
11982
28336
17237
24204
20773
7594
26071
20642
16482
5465
21017
6054
7843
11428
26068
9565
4900
3020
27606
588
16778
9214
21303
12961
3568
24422
28359
24494
92
20604
10550
25708
21329
15637
536
9911
26161
8485
7736
29353
19948
6208
5814
27920
22280
6470
12248
19308
31477
24263
12815
27321
15367
31922
10684
3512
21401
16509
32512
6352
16999
23113
31358
3321
15203
13423
20572
3639
26082
2321
2986
13791
12816
7813
17507
6117
10153
16281
24407
28607
12291
29809
19733
16336
9581
17942
23127
22378
21683
6574
29647
23653
11215
2485
6080
4974
9311
6649
15155
29715
31379
5473
8891
24645
13948
31947
24129
12729
23238
21154
20505
825
6153
19939
25099
11678
32508
7380
10752
4987
20147
9759
7239
13588
3747
12170
27699
18221
2183
14442
12995
7918
13519
31401
4701
20363
5291
30532
25523
1304
14301
1747
13845
7416
31668
11962
121
11235
5
11032
12942
1060
2990
16789
19028
6789
26402
29732
11172
3030
17750
14449
11292
22019
30028
3046
25294
20382
8492
12604
23462
18478
28214
24517
602
16632
23155
629
11775
14191
17513
16611
30281
20169
15798
31033
9151
25493
20974
6028
192
22593
28221
21061
1122
9920
6707
25240
32006
29591
29278
1071
22152
698
28681
24255
15176
19531
9580
28841
9147
28560
241
7627
27917
10526
19018
11451
31724
14215
21178
17144
19920
14922
1732
20244
20919
27881
25429
29695
32014
24702
25652
17508
4687
10299
13910
4867
32362
532
32756
27305
19171
11912
16819
28634
20277
27384
5496
23488
22885
15796
19454
16487
30582
6505
30244
14759
16163
7427
204
23116
9594
23334
22094
22697
17972
15064
7035
7343
6814
816
16229
14779
30764
5837
8077
11700
23889
12573
25601
20703
24456
7418
10046
28509
19741
19782
17917
22342
30095
19996
15287
10386
32009
21429
1312
28222
26750
27763
20336
19875
30688
32369
26704
25802
27355
20800
22736
9868
345
10258
24912
2121
31424
13434
6078
10048
11227
8313
11328
17227
12875
21960
11223
32506
6356
27007
439
24676
15406
25368
6771
29028
6596
18788
29077
25650
16725
12535
25495
19386
15016
3670
7369
13601
22131
25773
7378
24728
13105
20197
11003
235
8876
3032
7187
15088
23829
2013
10839
3497
13587
32542
17427
5805
10775
28317
28873
10006
32215
1841
23727
28087
26911
32173
4392
17471
28021
22592
27354
18615
24655
2340
2441
5094
18888
4414
23041
2857
19016
8576
11784
32488
1118
24157
24592
3493
3875
29403
32393
21517
9410
27290
27818
4578
31635
20523
28036
4843
11512
4772
9735
26148
1681
21015
21063
1457
5979
18141
2308
13402
31254
18088
216
28626
6778
26525
2660
5130
1698
22297
3291
12182
15726
22111
24470
20448
24885
22241
8150
13111
5090
12846
28293
6669
30431
17924
23295
6160
27296
29649
21843
29260
21070
3254
4702
6226
198
1855
23685
4313
28438
13069
8146
20745
27493
11684
2785
27975
27060
12210
21285
12904
13253
20698
13278
2580
25075
26589
28691
3181
26177
9412
27029
14535
21546
30861
2951
1727
23048
16232
14950
31935
28500
13125
3083
12390
31111
20262
11737
25083
9589
13018
7464
24143
14516
25572
7638
31236
34
24397
1204
8614
7952
19539
25883
6162
3794
15600
7421
30997
25847
23708
11693
2824
18054
31752
32447
31888
6584
11635
13862
24371
16052
8427
29173
5921
3221
7677
9619
17651
2162
9493
10499
3752
3188
18838
27103
10138
12866
3466
32224
21270
22873
30983
27952
20969
15322
17821
7170
24428
18698
16513
6530
23308
11979
13327
31741
29143
14926
30736
13731
13956
13387
17329
23651
4760
27131
30747
2129
20864
23090
13424
18147
22586
27883
1363
32651
14666
3022
9083
8914
10020
18346
29056
23413
1059
29579
18590
2104
30160
22172
9025
8147
9694
21761
5872
31931
30464
20406
13888
8918
26439
24188
23789
11936
32541
24196
19728
7958
24413
23188
9216
29901
25095
656
25750
1755
8776
14565
21226
20273
23199
12240
20027
9091
10137
1878
20263
10018
3645
5787
8156
3226
4629
16368
25543
28261
27554
13828
26856
31091
32714
8919
27523
17798
24586
7227
10378
31803
23706
11674
21039
12928
4305
17395
24393
7098
18249
29552
10523
21205
341
78
5337
28156
23002
32008
2462
15390
9206
22345
10740
16370
11334
21370
28459
15182
20824
8439
9490
12412
4052
21722
6579
22877
18998
31936
13124
15517
30218
5681
8527
28784
16099
29978
188
31677
17279
11249
13701
21190
13017
9535
29839
18450
16369
6187
3372
18042
7200
25862
1141
24411
20478
14032
23218
5269
15313
11092
26803
28441
13462
5926
1453
25597
11795
9826
21804
2959
19278
25309
10091
6179
26197
31443
860
3779
25792
30223
9721
2072
31467
15229
11049
17599
9825
7655
26251
1446
13875
12499
32108
9191
29884
24559
13108
24509
16732
9628
17238
22309
26814
9800
9949
32766
28840
23024
29712
12808
16854
17381
16195
5896
6839
28338
7823
29687
31085
1420
3961
30209
15500
10002
17773
28349
26561
24927
20847
13181
16608
28795
25448
18541
4276
18832
28399
25380
8278
5344
17807
32327
16703
32329
15465
20618
29835
26653
22524
16504
6984
10502
24016
30758
29757
11492
29524
21247
17609
10479
19744
20598
15591
15028
14796
25788
30870
22273
28651
2971
31233
4906
21520
5203
11942
16702
17337
8645
4854
28604
19251
27122
1735
24680
29615
21612
14891
4681
11020
11050
25332
28596
4462
10631
19025
7839
26357
25061
23922
30123
32629
13738
415
27259
21117
8467
9968
736
9202
9225
21555
20132
23824
20856
32433
36
25467
6432
22660
4899
5196
460
29769
24960
24064
2830
3397
3713
23657
32135
30489
2903
14592
15488
18862
5287
31869
4127
10243
27114
18600
20590
28034
492
7631
26602
29503
14141
27717
17815
2974
14271
22616
15305
3162
4753
29397
1705
13322
22965
21626
29923
28267
25536
25064
15655
16176
23111
694
12558
28171
5349
21393
22097
11712
17784
14667
1077
5080
8894
27375
20179
12853
26265
16049
18373
17388
21416
18374
25464
5105
22421
23150
21803
11867
2652
13966
31819
21096
12786
10391
25890
12231
16418
6070
26604
29659
12957
23489
15294
620
32012
18804
19480
29052
30305
18153
22946
24315
2923
26132
21461
6368
25670
11257
29113
5389
17756
10221
27419
25207
27837
20456
2644
18446
17464
10962
1848
20497
14982
14863
948
19909
21221
24630
9760
31850
31591
9609
16207
14903
25717
8087
28128
14099
22113
4386
25512
10511
21054
473
11409
15097
3529
9639
10548
16435
1161
29152
8630
19163
16805
19237
31543
5092
29298
32739
5748
23067
24917
2252
30647
20454
3803
2856
4279
8542
3523
1160
26850
789
12350
14651
25241
29006
19301
25895
25520
7388
19652
4844
24189
30724
14001
18656
3762
17021
32742
24581
17601
20283
27654
7575
1305
2534
29642
3445
3102
31322
29545
4806
21032
18125
1815
8589
2418
29033
14087
6960
6095
28279
11634
