16384
0
5
8
9
10
11
14
15
16
17
19
21
23
25
26
27
29
31
35
36
37
38
42
43
46
49
52
58
61
62
63
64
66
71
73
74
75
76
77
78
79
80
81
83
84
92
93
94
97
98
100
102
103
106
108
109
110
112
115
117
119
122
123
125
126
127
129
130
131
136
138
141
142
146
147
149
150
151
153
154
155
159
160
161
164
165
166
167
168
169
170
171
173
174
175
176
177
178
181
183
184
185
186
187
188
189
191
192
193
194
195
200
203
205
206
207
212
213
216
218
219
220
222
223
224
225
226
227
228
231
232
235
237
242
243
244
246
248
249
250
251
252
254
256
258
259
260
261
264
266
270
275
276
277
280
282
283
284
285
286
288
292
293
295
296
297
298
299
300
302
304
305
308
311
312
313
314
315
318
319
321
322
324
326
327
328
329
331
333
335
336
341
342
344
346
350
351
352
358
359
361
362
367
368
369
376
378
379
380
381
383
388
393
394
396
398
399
402
404
406
407
408
411
412
414
417
419
420
421
422
423
424
425
427
428
432
434
436
437
442
444
446
447
448
451
455
456
457
459
460
463
464
467
471
473
474
476
481
482
483
485
487
488
490
492
495
497
498
499
501
503
506
508
509
511
513
514
517
520
521
524
527
529
533
534
536
539
543
545
546
547
549
550
552
553
554
555
557
558
559
564
565
570
572
577
578
579
586
587
589
591
593
595
596
599
600
602
604
605
606
607
608
609
610
612
614
615
616
623
624
626
627
628
630
632
633
634
635
637
641
644
646
647
648
649
656
658
662
664
665
666
668
669
670
674
675
676
681
685
686
689
694
695
697
698
699
700
701
706
711
715
716
718
721
722
723
724
725
726
731
733
734
735
737
738
739
741
746
747
749
753
754
755
756
757
759
762
765
767
769
770
774
777
785
786
788
790
792
793
794
795
797
798
800
802
804
808
810
811
812
814
816
817
820
821
824
828
830
832
833
834
836
840
842
844
847
848
849
850
852
854
855
856
858
859
861
863
864
865
871
873
875
879
883
885
887
888
890
895
896
897
900
901
908
912
913
914
917
918
921
922
923
925
929
934
938
940
941
945
950
952
953
954
958
959
961
963
964
965
967
968
969
970
972
973
974
975
976
979
981
983
985
986
988
989
992
995
996
997
999
1000
1001
1002
1003
1005
1006
1008
1009
1010
1011
1013
1016
1018
1021
1024
1026
1027
1028
1029
1030
1032
1039
1040
1041
1044
1045
1048
1051
1054
1055
1057
1059
1062
1063
1066
1067
1068
1069
1070
1071
1072
1074
1075
1076
1077
1078
1079
1082
1086
1087
1088
1090
1091
1092
1094
1095
1096
1097
1098
1099
1100
1103
1104
1105
1106
1107
1108
1109
1112
1116
1117
1119
1120
1121
1126
1128
1130
1131
1132
1133
1134
1135
1136
1137
1139
1145
1146
1147
1151
1154
1159
1162
1165
1166
1167
1168
1171
1172
1179
1181
1184
1185
1186
1188
1192
1193
1196
1197
1198
1199
1202
1203
1206
1207
1209
1214
1216
1218
1219
1220
1221
1223
1224
1225
1227
1228
1231
1233
1238
1241
1243
1244
1246
1247
1248
1249
1250
1253
1254
1258
1259
1260
1263
1265
1267
1268
1270
1272
1273
1280
1281
1282
1285
1286
1287
1288
1290
1291
1292
1294
1295
1297
1298
1300
1303
1309
1310
1311
1316
1319
1323
1324
1329
1330
1331
1332
1333
1334
1335
1336
1337
1339
1340
1342
1343
1345
1346
1350
1352
1354
1355
1356
1357
1358
1359
1360
1361
1362
1364
1365
1367
1368
1370
1371
1372
1374
1378
1379
1382
1383
1384
1385
1388
1390
1392
1395
1396
1397
1399
1400
1402
1403
1404
1405
1407
1408
1418
1419
1421
1422
1426
1427
1428
1429
1432
1433
1441
1446
1447
1448
1449
1451
1453
1455
1458
1459
1460
1461
1463
1466
1467
1469
1473
1476
1478
1482
1484
1485
1486
1491
1492
1493
1495
1498
1499
1501
1502
1503
1507
1508
1509
1510
1511
1515
1517
1519
1522
1524
1527
1531
1533
1535
1536
1539
1541
1542
1543
1544
1546
1548
1549
1551
1553
1557
1558
1559
1561
1562
1563
1564
1567
1569
1570
1572
1574
1577
1578
1579
1581
1582
1584
1587
1590
1591
1593
1597
1599
1600
1606
1610
1613
1614
1615
1618
1619
1620
1622
1630
1632
1633
1637
1638
1642
1645
1646
1647
1649
1651
1652
1653
1654
1665
1666
1668
1669
1670
1673
1675
1676
1677
1681
1683
1688
1689
1692
1694
1695
1698
1699
1700
1701
1703
1704
1706
1707
1708
1711
1713
1715
1720
1722
1724
1725
1727
1728
1730
1731
1732
1734
1735
1736
1738
1741
1743
1744
1746
1747
1748
1749
1751
1752
1753
1754
1756
1761
1762
1763
1764
1771
1772
1773
1775
1776
1780
1786
1787
1789
1791
1792
1793
1794
1795
1798
1799
1800
1801
1802
1803
1805
1807
1809
1810
1812
1813
1814
1815
1816
1818
1819
1820
1822
1825
1826
1827
1828
1829
1830
1834
1837
1838
1839
1843
1844
1845
1853
1854
1855
1857
1858
1859
1860
1862
1863
1864
1866
1867
1869
1870
1873
1875
1876
1877
1879
1882
1883
1888
1889
1890
1891
1897
1902
1903
1909
1910
1911
1912
1914
1917
1919
1924
1925
1926
1930
1932
1934
1935
1937
1939
1940
1941
1942
1944
1947
1948
1949
1954
1955
1958
1960
1962
1964
1965
1966
1967
1970
1973
1976
1978
1979
1982
1985
1986
1987
1988
1989
1990
1992
1993
1995
1998
1999
2000
2001
2002
2010
2014
2017
2019
2021
2022
2025
2026
2028
2029
2030
2031
2032
2033
2034
2036
2037
2040
2042
2045
2048
2050
2051
2052
2053
2054
2063
2066
2067
2071
2072
2081
2082
2083
2084
2086
2087
2088
2090
2092
2093
2094
2095
2098
2100
2102
2103
2106
2107
2108
2110
2111
2112
2113
2115
2116
2117
2118
2123
2124
2125
2130
2133
2135
2137
2138
2139
2143
2144
2146
2148
2151
2155
2160
2161
2162
2163
2166
2169
2170
2171
2172
2173
2174
2176
2178
2181
2182
2186
2192
2193
2200
2202
2203
2204
2205
2207
2211
2213
2214
2215
2217
2223
2225
2226
2230
2231
2232
2233
2234
2236
2241
2242
2257
2258
2259
2263
2266
2267
2268
2269
2272
2273
2275
2276
2280
2281
2282
2285
2286
2287
2289
2290
2291
2295
2305
2306
2307
2309
2312
2313
2314
2315
2318
2319
2320
2326
2328
2335
2337
2339
2340
2343
2345
2346
2349
2353
2356
2357
2360
2361
2362
2367
2368
2371
2372
2375
2376
2377
2381
2382
2383
2385
2386
2390
2391
2394
2395
2396
2397
2398
2400
2404
2407
2408
2411
2412
2413
2415
2416
2417
2418
2421
2422
2423
2428
2429
2433
2437
2438
2442
2443
2444
2445
2454
2456
2458
2459
2460
2463
2464
2466
2467
2469
2474
2475
2476
2477
2479
2482
2485
2490
2491
2492
2496
2498
2499
2501
2503
2504
2505
2507
2510
2511
2512
2514
2518
2519
2521
2525
2527
2530
2535
2539
2540
2542
2544
2551
2552
2553
2555
2557
2560
2565
2568
2569
2572
2575
2576
2577
2578
2580
2582
2584
2585
2587
2590
2591
2596
2601
2602
2603
2606
2608
2609
2613
2616
2617
2620
2624
2629
2631
2632
2633
2635
2637
2639
2640
2641
2642
2643
2647
2648
2650
2652
2654
2656
2658
2659
2663
2664
2667
2670
2672
2673
2674
2675
2679
2680
2681
2682
2684
2685
2687
2689
2690
2693
2694
2696
2702
2703
2704
2706
2708
2709
2710
2711
2713
2715
2716
2717
2719
2720
2721
2722
2727
2728
2730
2731
2732
2734
2737
2738
2739
2741
2745
2747
2748
2750
2755
2760
2762
2764
2766
2767
2770
2773
2775
2776
2777
2779
2780
2785
2786
2787
2790
2792
2793
2795
2797
2799
2801
2803
2804
2805
2806
2807
2810
2811
2812
2813
2814
2815
2817
2818
2820
2823
2824
2825
2827
2830
2831
2834
2835
2836
2837
2838
2839
2842
2843
2844
2845
2851
2855
2856
2857
2858
2859
2860
2862
2866
2869
2876
2877
2882
2883
2885
2886
2888
2890
2891
2892
2894
2897
2901
2904
2906
2908
2909
2911
2912
2914
2915
2916
2917
2922
2923
2931
2932
2933
2935
2936
2937
2939
2940
2942
2944
2947
2950
2951
2955
2956
2957
2958
2962
2963
2968
2972
2973
2978
2982
2985
2987
2988
2991
2993
2996
3000
3006
3007
3009
3010
3011
3012
3015
3016
3022
3023
3024
3025
3026
3027
3028
3029
3032
3034
3036
3038
3039
3040
3042
3044
3045
3046
3048
3049
3050
3053
3055
3056
3058
3060
3061
3062
3063
3067
3068
3069
3070
3071
3072
3076
3077
3079
3081
3083
3084
3087
3089
3092
3093
3095
3098
3099
3100
3103
3104
3108
3111
3112
3113
3114
3115
3118
3119
3120
3121
3122
3124
3126
3127
3128
3134
3135
3137
3138
3141
3142
3143
3144
3145
3147
3151
3152
3154
3157
3159
3160
3161
3163
3164
3165
3166
3167
3170
3171
3172
3173
3175
3176
3180
3183
3184
3185
3188
3189
3191
3193
3196
3197
3198
3199
3201
3203
3208
3214
3215
3219
3221
3222
3223
3224
3226
3232
3235
3236
3238
3239
3242
3244
3245
3246
3250
3254
3255
3257
3258
3261
3262
3263
3264
3265
3266
3267
3271
3272
3273
3274
3275
3276
3281
3288
3290
3291
3292
3293
3294
3296
3299
3300
3301
3302
3309
3310
3312
3313
3315
3316
3317
3318
3319
3320
3321
3323
3328
3329
3330
3332
3334
3336
3338
3339
3344
3345
3347
3354
3356
3361
3362
3363
3364
3365
3367
3372
3378
3380
3382
3384
3385
3386
3388
3389
3391
3393
3394
3395
3396
3398
3399
3400
3401
3403
3405
3407
3411
3413
3414
3415
3416
3418
3419
3420
3421
3430
3431
3433
3434
3435
3436
3437
3438
3441
3443
3448
3452
3460
3462
3464
3465
3466
3469
3470
3473
3475
3476
3477
3480
3481
3486
3487
3489
3491
3498
3499
3500
3502
3503
3507
3508
3512
3514
3515
3518
3521
3522
3524
3525
3527
3531
3534
3535
3536
3537
3538
3540
3542
3543
3545
3546
3547
3548
3549
3550
3552
3554
3555
3562
3564
3565
3569
3570
3572
3573
3575
3576
3577
3579
3581
3585
3586
3589
3594
3598
3601
3603
3604
3606
3608
3611
3613
3614
3615
3616
3618
3619
3620
3621
3622
3625
3626
3628
3629
3631
3633
3635
3636
3638
3639
3642
3643
3644
3645
3646
3649
3652
3653
3654
3655
3657
3658
3661
3666
3670
3672
3673
3674
3683
3685
3686
3687
3688
3689
3690
3693
3694
3695
3696
3698
3699
3700
3701
3702
3703
3704
3705
3707
3709
3712
3714
3718
3723
3724
3726
3727
3728
3729
3730
3734
3735
3737
3740
3742
3747
3750
3753
3755
3756
3758
3759
3760
3762
3766
3767
3768
3769
3770
3771
3772
3773
3774
3777
3780
3782
3783
3784
3789
3790
3791
3795
3797
3799
3803
3804
3805
3806
3807
3809
3810
3811
3812
3817
3818
3820
3823
3824
3826
3827
3829
3831
3832
3833
3834
3835
3839
3840
3844
3851
3857
3858
3860
3861
3864
3867
3868
3871
3872
3874
3875
3876
3879
3880
3882
3884
3886
3888
3889
3891
3892
3894
3896
3897
3898
3900
3902
3903
3906
3907
3908
3909
3912
3917
3920
3922
3926
3930
3933
3934
3935
3936
3939
3940
3941
3942
3943
3946
3947
3951
3953
3954
3957
3959
3960
3961
3962
3964
3971
3973
3975
3976
3977
3980
3982
3983
3987
3990
3992
3999
4000
4001
4003
4005
4010
4013
4015
4016
4019
4021
4024
4029
4030
4032
4033
4034
4035
4037
4040
4047
4049
4051
4052
4054
4055
4056
4057
4058
4061
4062
4065
4067
4069
4070
4072
4073
4076
4078
4081
4085
4087
4088
4089
4094
4097
4101
4102
4104
4107
4110
4111
4113
4114
4115
4120
4123
4124
4127
4128
4129
4134
4135
4136
4139
4142
4143
4145
4147
4148
4149
4152
4153
4154
4155
4158
4159
4160
4163
4164
4168
4169
4170
4171
4173
4175
4177
4182
4183
4184
4185
4186
4188
4189
4190
4193
4196
4206
4210
4211
4215
4217
4220
4221
4222
4223
4224
4226
4228
4233
4235
4236
4238
4241
4242
4246
4249
4251
4252
4253
4256
4259
4260
4262
4264
4266
4269
4272
4275
4276
4278
4279
4280
4281
4282
4284
4285
4286
4289
4290
4292
4293
4294
4297
4304
4306
4308
4309
4314
4315
4316
4321
4322
4323
4324
4325
4326
4328
4329
4330
4331
4332
4334
4336
4338
4339
4340
4343
4344
4347
4348
4349
4353
4354
4355
4356
4357
4359
4364
4367
4369
4371
4374
4375
4376
4377
4378
4379
4381
4383
4386
4387
4389
4390
4391
4393
4394
4395
4396
4401
4402
4403
4404
4405
4410
4414
4415
4417
4419
4420
4423
4425
4426
4427
4429
4430
4433
4434
4435
4437
4438
4441
4443
4445
4447
4451
4458
4459
4462
4463
4470
4475
4476
4477
4478
4479
4481
4483
4488
4489
4490
4492
4493
4494
4496
4497
4498
4505
4506
4508
4509
4511
4514
4515
4516
4517
4518
4521
4522
4523
4524
4527
4528
4530
4531
4533
4535
4536
4541
4542
4543
4548
4550
4554
4557
4558
4560
4561
4562
4566
4567
4570
4572
4573
4576
4579
4580
4581
4582
4585
4586
4588
4589
4590
4592
4593
4594
4596
4598
4601
4602
4603
4606
4607
4608
4609
4610
4611
4613
4614
4615
4617
4618
4620
4621
4624
4626
4627
4629
4630
4637
4638
4639
4640
4641
4644
4645
4647
4649
4650
4651
4654
4655
4656
4657
4663
4664
4665
4668
4669
4670
4671
4672
4674
4678
4679
4681
4684
4685
4686
4688
4689
4692
4695
4697
4702
4703
4704
4706
4707
4708
4710
4713
4714
4715
4716
4717
4718
4720
4721
4723
4725
4730
4733
4736
4738
4739
4741
4742
4743
4744
4745
4747
4749
4751
4752
4760
4763
4766
4768
4769
4777
4779
4781
4782
4784
4785
4788
4789
4792
4795
4796
4797
4799
4800
4801
4802
4806
4810
4812
4813
4817
4818
4820
4823
4824
4825
4826
4827
4828
4829
4830
4831
4832
4833
4834
4837
4840
4841
4842
4844
4845
4848
4849
4851
4852
4853
4854
4857
4858
4860
4862
4863
4865
4866
4868
4872
4878
4879
4880
4881
4883
4884
4885
4889
4891
4892
4893
4896
4897
4898
4900
4902
4903
4907
4911
4912
4913
4914
4915
4916
4917
4918
4919
4920
4921
4923
4924
4925
4928
4929
4931
4932
4937
4940
4941
4944
4945
4946
4948
4949
4950
4951
4952
4954
4955
4956
4957
4960
4962
4963
4965
4966
4967
4969
4970
4973
4975
4977
4978
4979
4980
4981
4982
4983
4984
4985
4988
4991
4992
4993
4999
5000
5001
5002
5003
5007
5008
5015
5016
5020
5021
5022
5025
5026
5027
5031
5033
5035
5037
5044
5045
5046
5049
5052
5053
5054
5055
5061
5067
5069
5070
5072
5073
5075
5077
5080
5082
5083
5084
5086
5087
5089
5092
5094
5095
5097
5102
5103
5105
5108
5111
5112
5113
5114
5115
5116
5117
5120
5121
5122
5123
5126
5127
5133
5134
5136
5137
5139
5140
5142
5146
5147
5148
5149
5151
5153
5155
5159
5162
5165
5166
5167
5171
5172
5177
5179
5180
5183
5185
5189
5191
5192
5193
5194
5195
5198
5199
5200
5203
5204
5207
5210
5216
5218
5222
5226
5227
5231
5234
5235
5236
5237
5238
5239
5243
5244
5246
5248
5249
5250
5253
5257
5259
5260
5261
5262
5265
5267
5269
5270
5272
5274
5275
5277
5278
5279
5280
5283
5285
5286
5288
5291
5292
5293
5294
5295
5297
5299
5300
5305
5308
5309
5310
5312
5313
5314
5315
5317
5318
5319
5320
5322
5323
5325
5328
5329
5330
5332
5341
5343
5344
5346
5348
5349
5350
5351
5352
5353
5355
5358
5359
5361
5368
5369
5371
5374
5380
5381
5388
5389
5391
5392
5393
5394
5396
5397
5398
5399
5405
5408
5409
5412
5414
5419
5420
5421
5424
5426
5427
5429
5430
5431
5432
5439
5441
5443
5444
5445
5446
5448
5451
5453
5455
5456
5462
5463
5465
5468
5469
5470
5476
5477
5479
5480
5481
5484
5486
5487
5491
5492
5493
5497
5499
5500
5501
5504
5506
5507
5508
5509
5510
5511
5512
5515
5516
5517
5520
5521
5524
5526
5527
5531
5532
5533
5535
5539
5540
5546
5549
5551
5555
5556
5559
5564
5565
5566
5567
5571
5573
5576
5577
5580
5581
5583
5588
5596
5597
5599
5600
5601
5602
5603
5604
5606
5607
5610
5612
5614
5617
5619
5621
5623
5625
5627
5629
5631
5636
5638
5640
5646
5647
5648
5652
5655
5659
5660
5661
5662
5663
5666
5668
5671
5673
5684
5685
5687
5688
5691
5696
5697
5702
5704
5705
5708
5710
5711
5713
5714
5715
5719
5720
5722
5723
5725
5726
5727
5728
5730
5732
5733
5735
5736
5737
5739
5743
5744
5745
5747
5751
5759
5760
5762
5763
5764
5767
5770
5774
5779
5780
5782
5783
5784
5785
5786
5787
5789
5790
5791
5793
5794
5797
5800
5801
5802
5803
5804
5806
5807
5810
5818
5819
5820
5822
5823
5826
5827
5829
5830
5832
5833
5834
5838
5839
5840
5843
5848
5853
5860
5861
5863
5864
5865
5867
5868
5877
5878
5879
5880
5882
5884
5888
5890
5897
5901
5902
5903
5904
5907
5910
5913
5916
5917
5918
5921
5923
5924
5925
5926
5928
5929
5935
5937
5938
5942
5945
5947
5949
5950
5952
5953
5954
5956
5957
5960
5964
5969
5972
5979
5981
5983
5984
5986
5990
5992
5993
5994
5995
5997
5998
6001
6003
6007
6008
6011
6012
6014
6015
6016
6017
6018
6019
6020
6021
6022
6023
6024
6025
6026
6028
6032
6035
6039
6040
6041
6044
6047
6051
6052
6053
6054
6055
6056
6058
6062
6063
6064
6066
6069
6070
6071
6074
6079
6080
6084
6087
6088
6089
6090
6093
6095
6100
6101
6105
6106
6107
6108
6110
6112
6114
6115
6116
6118
6119
6120
6122
6123
6126
6127
6128
6130
6131
6132
6135
6140
6141
6142
6143
6145
6146
6147
6149
6152
6153
6154
6155
6156
6159
6161
6162
6164
6167
6168
6169
6170
6171
6172
6173
6174
6178
6179
6180
6183
6186
6187
6188
6192
6194
6195
6196
6197
6202
6206
6208
6209
6210
6213
6215
6216
6217
6218
6219
6220
6221
6223
6229
6232
6233
6236
6239
6241
6243
6245
6247
6248
6249
6250
6251
6253
6257
6261
6262
6265
6269
6272
6273
6278
6279
6280
6281
6283
6284
6287
6288
6289
6290
6291
6293
6296
6298
6300
6303
6305
6306
6307
6309
6311
6314
6316
6317
6318
6319
6320
6323
6324
6325
6326
6327
6328
6329
6330
6331
6334
6335
6336
6337
6340
6341
6342
6344
6345
6350
6356
6357
6358
6362
6363
6364
6366
6369
6371
6372
6373
6374
6375
6377
6379
6380
6381
6385
6386
6387
6388
6389
6391
6392
6393
6394
6395
6398
6399
6400
6401
6402
6403
6406
6409
6410
6411
6412
6413
6416
6417
6418
6420
6421
6423
6424
6425
6427
6429
6430
6431
6433
6434
6435
6438
6439
6440
6441
6443
6444
6445
6449
6452
6453
6456
6458
6461
6462
6463
6464
6469
6470
6472
6473
6474
6475
6476
6485
6486
6487
6489
6493
6496
6500
6502
6503
6506
6508
6510
6511
6512
6513
6515
6517
6518
6519
6520
6522
6530
6533
6534
6538
6539
6540
6542
6543
6547
6548
6551
6552
6553
6554
6555
6556
6557
6562
6565
6568
6569
6570
6572
6574
6575
6576
6577
6578
6579
6580
6584
6585
6589
6590
6591
6595
6596
6598
6599
6601
6603
6604
6605
6606
6607
6610
6611
6613
6615
6617
6622
6623
6624
6625
6627
6629
6630
6635
6636
6638
6640
6641
6644
6645
6646
6647
6648
6649
6651
6652
6653
6654
6655
6656
6660
6664
6668
6674
6675
6676
6677
6679
6685
6686
6687
6689
6691
6693
6694
6698
6701
6702
6704
6706
6707
6712
6713
6714
6715
6718
6719
6720
6722
6723
6725
6727
6728
6729
6730
6731
6732
6735
6736
6737
6739
6740
6741
6746
6750
6755
6758
6759
6760
6768
6769
6770
6772
6776
6777
6781
6783
6784
6786
6789
6794
6796
6798
6801
6803
6804
6805
6807
6808
6813
6815
6816
6818
6819
6820
6821
6822
6823
6824
6827
6828
6829
6831
6832
6833
6835
6837
6842
6848
6852
6856
6859
6860
6862
6863
6866
6867
6870
6874
6875
6879
6880
6881
6884
6886
6890
6891
6892
6895
6896
6897
6900
6902
6903
6907
6908
6909
6910
6911
6915
6917
6918
6920
6921
6922
6923
6925
6926
6927
6928
6931
6933
6934
6935
6937
6938
6939
6940
6942
6944
6945
6946
6948
6949
6953
6957
6958
6959
6961
6962
6964
6965
6966
6967
6968
6969
6970
6972
6973
6975
6977
6980
6981
6983
6984
6985
6986
6989
6992
6997
6998
7000
7001
7002
7004
7010
7014
7015
7018
7020
7021
7026
7030
7031
7032
7034
7035
7038
7039
7041
7042
7043
7044
7045
7046
7048
7050
7055
7056
7058
7065
7066
7067
7069
7071
7073
7078
7080
7082
7083
7085
7087
7088
7089
7093
7096
7098
7101
7102
7110
7111
7113
7116
7119
7120
7122
7123
7124
7126
7127
7129
7130
7133
7134
7139
7140
7146
7149
7150
7152
7154
7155
7156
7161
7162
7165
7166
7168
7172
7175
7177
7178
7180
7181
7182
7183
7185
7186
7187
7188
7190
7192
7195
7196
7197
7202
7203
7204
7206
7208
7213
7214
7217
7221
7222
7223
7225
7226
7227
7228
7229
7230
7232
7233
7236
7237
7240
7243
7247
7248
7249
7250
7255
7256
7257
7258
7259
7262
7264
7266
7267
7269
7273
7274
7275
7278
7282
7285
7286
7288
7291
7293
7298
7299
7300
7301
7303
7304
7305
7309
7310
7312
7314
7315
7316
7318
7319
7321
7322
7323
7324
7329
7331
7334
7336
7338
7340
7341
7344
7345
7347
7349
7352
7353
7356
7357
7358
7362
7363
7366
7367
7369
7372
7373
7374
7375
7376
7377
7378
7380
7381
7382
7383
7385
7386
7388
7390
7391
7394
7396
7397
7401
7408
7409
7410
7414
7416
7420
7421
7422
7423
7425
7426
7428
7430
7431
7432
7433
7435
7438
7440
7441
7442
7444
7446
7449
7451
7452
7453
7454
7455
7456
7457
7459
7462
7464
7469
7470
7474
7476
7478
7479
7483
7486
7487
7491
7492
7493
7494
7495
7497
7502
7506
7507
7511
7512
7513
7514
7520
7521
7523
7528
7529
7533
7534
7535
7538
7540
7542
7544
7549
7550
7551
7555
7557
7558
7559
7562
7563
7564
7567
7568
7569
7571
7572
7576
7579
7583
7586
7587
7589
7590
7591
7593
7597
7599
7604
7605
7606
7607
7608
7610
7613
7614
7615
7618
7627
7629
7630
7631
7634
7635
7637
7638
7642
7645
7646
7648
7650
7651
7652
7653
7657
7660
7661
7662
7663
7666
7667
7668
7669
7676
7677
7678
7680
7683
7684
7687
7689
7690
7693
7694
7697
7703
7712
7714
7715
7716
7718
7721
7723
7724
7725
7727
7729
7730
7732
7733
7734
7735
7738
7740
7741
7744
7745
7747
7749
7750
7753
7754
7755
7761
7764
7766
7767
7769
7770
7775
7777
7779
7780
7781
7782
7784
7788
7791
7792
7793
7795
7797
7798
7804
7805
7809
7812
7813
7814
7815
7816
7822
7823
7827
7829
7832
7835
7839
7840
7842
7846
7849
7850
7852
7853
7855
7856
7858
7859
7861
7867
7868
7871
7872
7873
7876
7879
7880
7892
7893
7894
7895
7899
7900
7901
7902
7904
7906
7907
7910
7913
7915
7916
7917
7918
7922
7923
7929
7932
7936
7938
7939
7941
7942
7944
7945
7949
7950
7951
7952
7953
7954
7955
7956
7962
7964
7968
7969
7971
7972
7973
7975
7976
7977
7982
7986
7991
7992
7994
7995
7996
7999
8000
8001
8004
8005
8006
8007
8010
8011
8013
8016
8017
8018
8019
8020
8022
8024
8026
8031
8036
8038
8039
8042
8045
8046
8051
8054
8056
8057
8059
8062
8063
8064
8066
8068
8069
8071
8077
8080
8081
8084
8087
8092
8095
8098
8102
8104
8107
8112
8113
8114
8115
8117
8119
8121
8122
8123
8125
8129
8130
8131
8132
8133
8134
8135
8139
8140
8143
8144
8145
8147
8151
8152
8153
8154
8155
8157
8158
8159
8160
8162
8167
8171
8172
8174
8176
8179
8180
8182
8183
8184
8185
8186
8193
8194
8197
8198
8202
8203
8204
8210
8211
8212
8217
8218
8221
8222
8226
8227
8229
8231
8232
8233
8234
8239
8250
8251
8252
8255
8256
8257
8259
8260
8264
8267
8268
8269
8271
8272
8274
8275
8276
8278
8281
8282
8283
8290
8292
8293
8294
8296
8298
8299
8300
8302
8303
8305
8306
8308
8311
8313
8315
8316
8317
8319
8322
8326
8327
8328
8329
8331
8332
8336
8338
8341
8344
8345
8349
8350
8351
8354
8355
8356
8358
8362
8365
8366
8367
8369
8370
8371
8374
8376
8378
8382
8386
8387
8389
8392
8396
8397
8398
8399
8403
8404
8405
8406
8408
8410
8413
8416
8418
8420
8421
8422
8423
8426
8427
8428
8429
8430
8434
8436
8437
8438
8439
8441
8443
8446
8449
8452
8454
8455
8457
8458
8460
8461
8467
8468
8472
8473
8477
8480
8481
8482
8483
8484
8488
8491
8495
8496
8499
8505
8507
8508
8509
8510
8513
8516
8518
8520
8523
8524
8526
8527
8528
8530
8535
8536
8537
8538
8542
8545
8546
8552
8553
8557
8560
8562
8564
8565
8567
8568
8570
8571
8576
8577
8579
8580
8581
8584
8585
8586
8588
8589
8593
8594
8595
8596
8597
8599
8601
8603
8604
8608
8609
8616
8617
8618
8620
8623
8625
8629
8633
8635
8636
8637
8638
8641
8646
8647
8648
8649
8651
8652
8653
8654
8657
8659
8660
8661
8662
8663
8664
8665
8667
8669
8670
8671
8673
8677
8679
8680
8682
8683
8687
8690
8691
8695
8696
8697
8698
8699
8701
8702
8705
8708
8714
8715
8717
8718
8719
8720
8721
8722
8724
8726
8730
8731
8735
8736
8738
8740
8741
8742
8745
8746
8750
8753
8754
8757
8760
8769
8772
8773
8774
8775
8777
8780
8781
8782
8783
8784
8785
8787
8788
8790
8793
8795
8798
8800
8802
8805
8806
8807
8815
8816
8817
8818
8820
8822
8823
8826
8828
8830
8832
8833
8836
8839
8842
8843
8844
8845
8847
8850
8852
8853
8855
8856
8857
8858
8860
8862
8863
8868
8871
8872
8874
8877
8878
8880
8882
8883
8886
8890
8893
8896
8898
8899
8902
8906
8907
8908
8911
8912
8914
8916
8918
8919
8921
8922
8923
8924
8925
8926
8929
8931
8933
8934
8937
8941
8945
8946
8947
8949
8950
8951
8952
8955
8961
8962
8965
8966
8967
8968
8969
8970
8971
8973
8974
8975
8976
8979
8980
8981
8982
8984
8987
8988
8990
8992
8995
8999
9002
9003
9005
9007
9008
9009
9011
9012
9013
9014
9017
9018
9026
9027
9028
9030
9032
9035
9036
9039
9042
9043
9045
9046
9049
9050
9051
9053
9054
9056
9057
9060
9061
9062
9063
9065
9066
9067
9069
9070
9071
9072
9073
9076
9081
9083
9084
9085
9089
9090
9092
9094
9095
9099
9100
9103
9104
9106
9114
9120
9123
9124
9130
9131
9134
9136
9138
9139
9140
9143
9144
9146
9147
9150
9152
9153
9154
9155
9161
9162
9163
9165
9167
9168
9169
9170
9171
9179
9180
9184
9185
9186
9187
9188
9190
9191
9192
9196
9199
9201
9204
9207
9208
9210
9211
9214
9219
9222
9224
9226
9227
9228
9229
9235
9236
9240
9242
9243
9246
9247
9254
9255
9257
9258
9259
9260
9262
9263
9264
9265
9270
9272
9273
9277
9279
9282
9286
9288
9292
9293
9295
9296
9297
9298
9299
9300
9301
9308
9310
9312
9315
9317
9318
9319
9320
9322
9323
9326
9327
9330
9331
9332
9333
9335
9336
9337
9339
9344
9345
9347
9348
9359
9360
9362
9363
9364
9365
9366
9367
9368
9369
9370
9373
9374
9375
9376
9377
9378
9381
9384
9385
9391
9393
9394
9395
9399
9401
9406
9407
9408
9413
9418
9419
9421
9423
9424
9428
9432
9434
9438
9444
9445
9446
9448
9451
9452
9456
9457
9459
9461
9463
9464
9466
9469
9472
9473
9479
9481
9486
9489
9493
9494
9495
9496
9497
9498
9501
9502
9503
9508
9510
9511
9512
9514
9518
9520
9521
9525
9526
9529
9530
9531
9533
9534
9535
9539
9540
9541
9542
9543
9544
9545
9547
9548
9549
9550
9555
9559
9562
9566
9568
9569
9571
9574
9577
9578
9582
9584
9586
9588
9590
9592
9593
9594
9599
9600
9605
9607
9610
9611
9612
9614
9616
9619
9620
9621
9622
9623
9625
9627
9631
9632
9633
9635
9637
9638
9639
9640
9642
9644
9646
9647
9648
9649
9651
9653
9654
9655
9658
9660
9661
9663
9665
9667
9669
9670
9671
9673
9674
9675
9676
9677
9680
9682
9683
9684
9687
9689
9690
9691
9693
9695
9697
9700
9704
9706
9709
9710
9712
9713
9714
9715
9717
9719
9720
9721
9724
9727
9729
9731
9733
9735
9736
9737
9738
9740
9741
9742
9744
9753
9754
9757
9758
9759
9761
9762
9766
9767
9773
9776
9778
9780
9784
9785
9789
9791
9794
9795
9796
9797
9799
9806
9807
9808
9809
9810
9813
9814
9815
9817
9820
9821
9822
9824
9825
9826
9828
9830
9832
9833
9834
9835
9836
9840
9841
9843
9846
9848
9849
9851
9852
9854
9855
9856
9857
9858
9863
9864
9866
9868
9870
9871
9874
9877
9880
9882
9886
9887
9892
9893
9894
9896
9898
9899
9900
9902
9904
9905
9911
9912
9913
9915
9916
9917
9919
9920
9921
9922
9924
9928
9929
9930
9931
9934
9935
9936
9944
9948
9949
9950
9954
9955
9956
9960
9963
9964
9965
9966
9967
9971
9975
9976
9977
9980
9982
9983
9984
9985
9987
9988
9991
9993
9994
9997
9999
10000
10007
10008
10011
10012
10017
10018
10020
10021
10022
10027
10028
10031
10033
10034
10035
10036
10038
10041
10042
10044
10045
10046
10048
10051
10055
10056
10059
10061
10067
10068
10072
10073
10074
10076
10077
10078
10081
10082
10083
10084
10087
10088
10090
10091
10092
10098
10099
10100
10106
10107
10109
10110
10111
10113
10117
10119
10121
10122
10123
10128
10130
10135
10137
10138
10139
10140
10143
10145
10146
10148
10150
10151
10153
10154
10155
10156
10157
10158
10161
10165
10166
10170
10172
10173
10174
10175
10176
10178
10181
10182
10183
10184
10186
10187
10188
10189
10192
10193
10194
10195
10196
10198
10200
10202
10203
10205
10206
10207
10208
10213
10216
10217
10218
10220
10222
10223
10224
10229
10232
10234
10235
10236
10238
10239
10241
10242
10243
10247
10248
10249
10251
10253
10255
10257
10259
10261
10262
10263
10264
10265
10266
10270
10271
10274
10275
10277
10278
10279
10280
10281
10283
10284
10289
10290
10291
10292
10293
10294
10295
10299
10300
10303
10304
10305
10306
10309
10310
10311
10312
10313
10314
10315
10321
10325
10326
10327
10328
10331
10332
10335
10340
10342
10346
10350
10351
10355
10356
10357
10359
10361
10362
10363
10364
10368
10372
10373
10374
10375
10378
10382
10383
10385
10387
10388
10392
10393
10396
10397
10398
10399
10400
10404
10406
10408
10409
10413
10417
10418
10419
10420
10422
10425
10426
10434
10435
10436
10437
10447
10448
10450
10451
10457
10459
10460
10461
10462
10463
10466
10468
10470
10471
10472
10474
10475
10477
10480
10483
10486
10488
10489
10490
10492
10493
10494
10495
10497
10499
10500
10503
10506
10508
10509
10511
10512
10514
10515
10516
10517
10518
10522
10524
10525
10526
10527
10528
10529
10531
10533
10535
10536
10537
10538
10540
10541
10542
10546
10549
10551
10557
10561
10562
10563
10566
10571
10572
10574
10575
10577
10579
10581
10582
10584
10586
10588
10589
10590
10591
10594
10595
10596
10599
10600
10601
10604
10611
10613
10614
10615
10616
10617
10618
10619
10621
10629
10631
10633
10635
10636
10643
10646
10647
10648
10651
10652
10654
10655
10657
10658
10660
10662
10663
10666
10667
10670
10672
10673
10675
10677
10682
10684
10685
10688
10690
10696
10699
10700
10706
10707
10708
10709
10710
10712
10714
10716
10717
10719
10720
10722
10723
10724
10725
10726
10728
10733
10735
10737
10738
10739
10741
10742
10745
10752
10754
10756
10757
10761
10763
10765
10766
10767
10768
10770
10771
10774
10775
10776
10778
10780
10782
10783
10784
10786
10789
10790
10791
10792
10794
10795
10796
10797
10799
10800
10803
10806
10807
10808
10814
10815
10819
10821
10822
10823
10830
10834
10835
10836
10838
10841
10842
10843
10844
10846
10847
10849
10850
10851
10853
10854
10857
10858
10862
10865
10866
10868
10869
10872
10874
10875
10877
10878
10880
10881
10883
10884
10885
10887
10888
10891
10892
10893
10898
10899
10901
10902
10905
10907
10910
10911
10913
10916
10917
10919
10920
10921
10924
10927
10928
10930
10931
10932
10933
10935
10936
10939
10940
10943
10948
10950
10951
10954
10958
10961
10964
10965
10966
10967
10969
10970
10972
10973
10974
10977
10978
10982
10983
10984
10985
10986
10987
10990
10992
10993
10994
10995
10996
10997
10999
11000
11002
11004
11006
11007
11009
11010
11011
11012
11015
11016
11018
11019
11021
11024
11025
11027
11029
11030
11033
11034
11036
11040
11043
11044
11045
11050
11052
11053
11054
11055
11056
11058
11059
11060
11061
11064
11066
11067
11070
11072
11073
11074
11075
11076
11078
11083
11084
11087
11088
11089
11090
11096
11097
11100
11104
11107
11108
11109
11112
11113
11115
11121
11123
11125
11126
11127
11131
11133
11135
11137
11138
11139
11141
11143
11144
11145
11146
11149
11152
11154
11156
11161
11163
11164
11165
11176
11183
11184
11185
11190
11192
11194
11196
11198
11199
11200
11203
11206
11209
11211
11212
11214
11215
11218
11222
11225
11226
11227
11228
11230
11231
11232
11233
11235
11237
11239
11241
11243
11245
11246
11248
11252
11254
11255
11256
11257
11259
11263
11270
11274
11276
11277
11280
11286
11287
11291
11292
11293
11298
11299
11300
11301
11302
11304
11308
11309
11310
11311
11314
11316
11317
11319
11321
11324
11327
11328
11333
11339
11343
11345
11346
11349
11350
11352
11353
11355
11356
11357
11358
11360
11362
11363
11364
11365
11366
11367
11369
11371
11373
11374
11377
11381
11385
11386
11387
11390
11391
11392
11394
11396
11397
11398
11401
11402
11403
11404
11407
11408
11410
11411
11413
11414
11415
11416
11421
11422
11424
11425
11430
11432
11433
11434
11436
11437
11440
11443
11444
11445
11446
11447
11449
11450
11454
11459
11461
11464
11467
11469
11470
11471
11472
11475
11477
11482
11484
11486
11488
11489
11492
11494
11495
11496
11498
11499
11502
11506
11509
11511
11513
11514
11515
11517
11518
11519
11520
11521
11522
11524
11525
11526
11527
11528
11530
11531
11532
11534
11538
11539
11544
11545
11546
11549
11553
11556
11558
11560
11561
11562
11564
11565
11566
11568
11570
11572
11573
11574
11575
11576
11577
11580
11581
11582
11583
11587
11591
11592
11596
11597
11600
11601
11604
11605
11607
11608
11610
11611
11613
11614
11617
11618
11619
11620
11621
11622
11623
11624
11626
11627
11630
11631
11632
11633
11635
11636
11638
11640
11641
11642
11643
11647
11649
11650
11651
11653
11654
11657
11658
11659
11666
11668
11669
11672
11673
11674
11681
11684
11685
11686
11687
11688
11689
11691
11692
11695
11698
11701
11706
11708
11709
11710
11711
11716
11719
11720
11732
11734
11735
11736
11737
11741
11743
11744
11746
11747
11749
11750
11751
11753
11754
11755
11757
11758
11759
11760
11761
11763
11766
11768
11769
11770
11771
11774
11776
11778
11779
11781
11783
11785
11788
11790
11792
11793
11795
11796
11799
11800
11804
11806
11808
11809
11811
11812
11815
11820
11823
11824
11825
11827
11828
11829
11833
11834
11835
11838
11843
11844
11849
11850
11857
11858
11859
11861
11863
11864
11865
11866
11867
11870
11875
11877
11878
11880
11884
11886
11891
11893
11894
11898
11900
11901
11903
11904
11905
11908
11909
11911
11912
11916
11917
11920
11921
11922
11925
11926
11928
11929
11935
11937
11939
11940
11942
11944
11945
11946
11948
11949
11952
11953
11954
11955
11957
11960
11965
11973
11974
11975
11977
11980
11981
11983
11984
11989
11990
11991
11994
11997
11999
12000
12004
12005
12006
12007
12009
12010
12013
12016
12018
12019
12022
12023
12024
12029
12031
12032
12034
12036
12039
12043
12044
12045
12046
12047
12049
12050
12052
12053
12054
12058
12061
12062
12063
12064
12065
12067
12070
12075
12078
12079
12082
12084
12085
12086
12087
12090
12092
12094
12095
12097
12099
12100
12101
12102
12103
12105
12106
12107
12108
12110
12112
12114
12116
12119
12120
12122
12125
12126
12129
12132
12137
12143
12144
12145
12146
12148
12149
12150
12153
12154
12155
12159
12160
12165
12168
12172
12175
12178
12179
12182
12187
12193
12194
12195
12196
12198
12199
12200
12203
12205
12206
12208
12213
12215
12217
12220
12221
12222
12223
12230
12231
12232
12234
12235
12236
12239
12240
12242
12244
12246
12247
12251
12252
12254
12255
12257
12258
12260
12264
12265
12266
12269
12271
12274
12275
12276
12277
12279
12280
12282
12285
12286
12287
12288
12291
12292
12293
12295
12296
12301
12302
12307
12308
12309
12310
12311
12313
12314
12315
12316
12318
12319
12321
12323
12327
12328
12330
12334
12335
12336
12337
12343
12345
12347
12348
12353
12354
12360
12361
12362
12363
12365
12371
12373
12374
12378
12380
12385
12386
12387
12388
12392
12394
12395
12397
12400
12401
12402
12404
12405
12408
12412
12413
12414
12415
12417
12419
12420
12423
12424
12426
12427
12429
12432
12434
12437
12441
12442
12448
12449
12452
12453
12454
12455
12456
12457
12458
12459
12461
12464
12466
12471
12472
12473
12474
12475
12477
12478
12481
12482
12485
12486
12490
12492
12497
12498
12499
12500
12504
12510
12511
12515
12517
12521
12523
12524
12526
12528
12529
12530
12533
12534
12540
12543
12545
12547
12548
12554
12559
12560
12561
12562
12563
12566
12567
12568
12570
12571
12572
12576
12578
12579
12580
12589
12592
12593
12595
12598
12601
12603
12605
12606
12607
12608
12613
12614
12616
12620
12622
12624
12625
12628
12629
12630
12631
12632
12634
12635
12638
12639
12640
12642
12647
12649
12650
12652
12656
12658
12659
12661
12662
12663
12665
12667
12668
12671
12672
12676
12677
12681
12691
12692
12693
12697
12699
12701
12702
12703
12705
12707
12708
12709
12711
12716
12720
12722
12724
12726
12733
12735
12737
12738
12740
12744
12748
12752
12753
12756
12760
12761
12763
12769
12770
12775
12780
12781
12785
12787
12790
12792
12796
12798
12803
12805
12806
12808
12810
12811
12815
12817
12821
12822
12824
12825
12827
12830
12834
12835
12838
12840
12843
12846
12847
12848
12855
12856
12858
12859
12860
12862
12863
12866
12867
12868
12869
12876
12882
12885
12888
12889
12890
12892
12894
12895
12899
12901
12902
12904
12905
12906
12907
12908
12910
12911
12915
12916
12918
12922
12923
12925
12927
12928
12929
12930
12932
12935
12936
12938
12939
12941
12942
12943
12944
12946
12949
12954
12955
12956
12957
12961
12962
12966
12967
12968
12970
12971
12972
12973
12974
12975
12979
12983
12986
12988
12991
12992
12993
12994
12995
12996
12997
12998
13000
13001
13003
13006
13007
13008
13009
13010
13011
13012
13013
13014
13017
13020
13023
13025
13028
13032
13034
13038
13042
13043
13044
13045
13046
13048
13049
13052
13053
13057
13058
13061
13062
13063
13068
13069
13071
13073
13077
13078
13080
13082
13085
13086
13087
13089
13090
13093
13095
13098
13099
13101
13104
13106
13107
13109
13110
13111
13113
13116
13118
13119
13120
13127
13128
13129
13130
13134
13136
13137
13138
13141
13145
13147
13149
13150
13152
13156
13161
13163
13165
13166
13168
13174
13177
13184
13185
13188
13189
13190
13192
13199
13200
13202
13203
13208
13209
13212
13213
13214
13217
13219
13220
13221
13223
13225
13226
13227
13229
13231
13232
13234
13235
13238
13239
13242
13246
13247
13249
13250
13252
13254
13257
13258
13260
13261
13262
13264
13266
13268
13269
13270
13271
13273
13274
13276
13278
13279
13280
13285
13286
13287
13290
13291
13293
13294
13295
13297
13299
13300
13301
13302
13304
13305
13310
13311
13312
13314
13315
13316
13320
13321
13322
13324
13325
13326
13329
13330
13333
13334
13335
13338
13342
13343
13344
13347
13348
13350
13351
13354
13356
13357
13359
13360
13361
13362
13364
13367
13369
13370
13371
13373
13376
13378
13382
13383
13384
13386
13388
13389
13390
13391
13392
13393
13395
13396
13397
13399
13402
13403
13404
13408
13409
13410
13412
13413
13414
13415
13419
13420
13421
13423
13424
13425
13426
13431
13432
13434
13437
13438
13440
13443
13444
13445
13446
13448
13449
13451
13452
13456
13457
13458
13461
13468
13469
13470
13471
13473
13474
13475
13477
13480
13481
13482
13483
13484
13485
13486
13488
13490
13493
13494
13497
13499
13500
13502
13503
13505
13507
13508
13509
13510
13511
13513
13515
13518
13519
13521
13523
13524
13527
13528
13529
13532
13534
13535
13539
13540
13548
13554
13555
13556
13557
13558
13559
13560
13562
13566
13568
13569
13571
13573
13575
13580
13583
13585
13591
13592
13593
13595
13596
13597
13605
13608
13610
13611
13615
13616
13619
13620
13623
13625
13626
13628
13630
13631
13634
13637
13640
13641
13643
13645
13646
13647
13648
13650
13652
13653
13656
13658
13661
13664
13668
13669
13670
13671
13673
13674
13676
13680
13682
13684
13686
13689
13690
13692
13693
13696
13700
13702
13703
13705
13707
13708
13709
13711
13712
13713
13714
13716
13717
13718
13720
13721
13728
13729
13732
13734
13737
13739
13740
13741
13742
13743
13749
13751
13756
13759
13760
13761
13762
13764
13766
13768
13771
13776
13779
13782
13785
13786
13788
13789
13791
13793
13797
13799
13800
13806
13808
13811
13812
13816
13817
13820
13821
13823
13826
13828
13829
13832
13834
13835
13836
13837
13839
13841
13842
13846
13851
13852
13855
13860
13861
13865
13866
13868
13869
13871
13873
13876
13882
13883
13887
13888
13890
13892
13897
13898
13899
13900
13901
13906
13911
13913
13914
13916
13920
13921
13922
13923
13927
13929
13930
13931
13932
13937
13939
13941
13942
13943
13944
13946
13953
13959
13960
13962
13967
13968
13969
13970
13972
13974
13980
13985
13986
13987
13988
13989
13990
13991
13993
13994
13996
13998
13999
14001
14002
14003
14004
14005
14007
14013
14014
14017
14020
14021
14022
14023
14024
14025
14027
14029
14033
14037
14038
14039
14040
14041
14042
14044
14046
14048
14049
14050
14056
14058
14060
14061
14062
14063
14064
14066
14067
14068
14070
14072
14073
14076
14077
14082
14086
14087
14088
14089
14095
14097
14099
14100
14101
14102
14104
14105
14110
14113
14116
14122
14123
14125
14127
14128
14131
14133
14142
14143
14145
14146
14147
14150
14153
14156
14159
14160
14164
14165
14168
14169
14170
14172
14174
14175
14176
14177
14178
14181
14183
14186
14188
14190
14191
14193
14194
14199
14200
14201
14202
14203
14204
14205
14207
14211
14213
14220
14223
14225
14227
14231
14233
14235
14236
14238
14240
14242
14244
14245
14246
14247
14248
14251
14252
14253
14256
14257
14259
14263
14264
14269
14271
14272
14275
14278
14279
14280
14281
14283
14286
14287
14288
14289
14292
14295
14296
14298
14299
14302
14304
14305
14306
14307
14308
14309
14310
14311
14315
14316
14318
14319
14322
14323
14330
14332
14333
14334
14336
14339
14341
14342
14343
14344
14345
14346
14350
14351
14352
14353
14354
14358
14360
14362
14363
14364
14369
14371
14372
14373
14374
14375
14379
14380
14381
14384
14387
14389
14391
14392
14394
14396
14398
14400
14401
14402
14404
14406
14407
14409
14410
14411
14412
14413
14416
14418
14419
14424
14425
14426
14427
14428
14429
14430
14432
14433
14434
14436
14438
14439
14444
14445
14446
14447
14448
14449
14451
14454
14459
14463
14465
14467
14476
14478
14479
14482
14483
14484
14487
14489
14490
14491
14492
14493
14494
14495
14496
14498
14499
14500
14503
14508
14509
14510
14511
14512
14513
14514
14515
14517
14518
14519
14521
14522
14523
14527
14531
14532
14533
14534
14536
14537
14540
14542
14548
14551
14552
14553
14554
14557
14558
14559
14560
14561
14566
14567
14569
14571
14572
14573
14575
14576
14577
14582
14583
14584
14586
14587
14590
14591
14595
14601
14604
14605
14608
14609
14613
14614
14615
14617
14618
14620
14625
14627
14628
14629
14630
14631
14632
14636
14639
14641
14642
14643
14644
14645
14648
14650
14651
14652
14657
14664
14665
14666
14667
14669
14670
14671
14672
14673
14675
14678
14680
14681
14682
14683
14684
14685
14686
14687
14689
14690
14691
14692
14693
14694
14696
14701
14702
14705
14708
14709
14711
14712
14713
14715
14718
14720
14721
14723
14724
14726
14729
14730
14735
14737
14740
14741
14742
14744
14746
14748
14752
14754
14755
14756
14762
14763
14764
14765
14769
14770
14772
14773
14774
14775
14776
14778
14779
14780
14781
14783
14784
14785
14787
14788
14790
14795
14796
14799
14807
14810
14811
14812
14819
14821
14825
14826
14827
14830
14833
14834
14836
14838
14841
14842
14845
14846
14847
14848
14849
14852
14853
14855
14857
14858
14859
14863
14865
14866
14867
14868
14870
14873
14874
14880
14882
14883
14887
14889
14890
14891
14892
14894
14896
14897
14898
14899
14900
14903
14904
14905
14906
14907
14908
14909
14911
14912
14916
14918
14920
14922
14925
14927
14928
14929
14930
14931
14932
14933
14936
14938
14941
14943
14944
14946
14947
14949
14950
14953
14955
14959
14962
14966
14970
14973
14974
14976
14979
14981
14984
14985
14986
14987
14989
14990
14992
14993
14997
15000
15002
15006
15010
15014
15015
15021
15022
15023
15026
15027
15028
15029
15030
15031
15032
15034
15035
15037
15038
15040
15042
15045
15049
15050
15051
15053
15054
15056
15057
15058
15059
15060
15062
15063
15066
15067
15068
15070
15071
15072
15076
15081
15082
15083
15087
15088
15091
15092
15093
15094
15095
15096
15100
15101
15103
15105
15107
15108
15110
15114
15122
15124
15129
15133
15134
15135
15136
15139
15141
15142
15143
15144
15145
15146
15147
15151
15153
15154
15157
15158
15162
15163
15166
15168
15170
15172
15173
15178
15180
15181
15182
15186
15187
15190
15193
15197
15198
15199
15200
15203
15204
15205
15207
15208
15210
15214
15215
15216
15217
15218
15219
15222
15225
15226
15228
15230
15232
15234
15235
15237
15239
15242
15243
15244
15245
15246
15247
15251
15252
15255
15256
15258
15259
15262
15263
15264
15268
15269
15271
15272
15275
15277
15278
15284
15285
15288
15291
15292
15293
15296
15297
15300
15301
15302
15303
15304
15305
15307
15310
15312
15314
15316
15318
15320
15322
15326
15330
15331
15333
15334
15336
15337
15338
15339
15341
15342
15343
15344
15346
15347
15349
15352
15353
15361
15362
15373
15375
15378
15380
15381
15382
15383
15384
15387
15388
15389
15390
15393
15397
15398
15399
15401
15403
15404
15409
15412
15413
15414
15416
15418
15420
15421
15425
15426
15428
15429
15430
15432
15433
15434
15436
15439
15443
15444
15446
15447
15452
15454
15458
15460
15462
15463
15465
15466
15468
15470
15471
15477
15478
15480
15481
15482
15484
15490
15491
15493
15498
15500
15501
15504
15505
15507
15511
15513
15514
15515
15516
15517
15518
15523
15525
15526
15530
15531
15532
15533
15534
15536
15539
15540
15541
15543
15545
15546
15549
15550
15553
15556
15562
15564
15565
15566
15567
15568
15569
15573
15577
15578
15579
15581
15585
15586
15588
15589
15590
15591
15592
15593
15598
15600
15602
15604
15605
15609
15611
15613
15615
15616
15617
15618
15619
15620
15621
15622
15623
15626
15628
15632
15635
15644
15645
15646
15648
15658
15662
15663
15664
15666
15668
15669
15671
15673
15675
15677
15681
15682
15684
15686
15688
15691
15696
15698
15700
15701
15703
15713
15715
15717
15719
15722
15726
15728
15729
15732
15736
15737
15740
15741
15749
15751
15752
15757
15761
15762
15764
15766
15768
15769
15771
15772
15773
15777
15779
15781
15782
15783
15784
15785
15787
15789
15791
15793
15794
15795
15797
15798
15799
15801
15802
15803
15805
15806
15810
15812
15813
15816
15817
15818
15819
15821
15822
15824
15826
15828
15830
15831
15833
15834
15835
15837
15838
15839
15841
15843
15844
15846
15847
15848
15849
15850
15855
15858
15860
15862
15863
15864
15865
15868
15869
15880
15884
15885
15887
15889
15890
15892
15894
15895
15896
15897
15898
15900
15901
15904
15912
15914
15915
15917
15919
15928
15930
15933
15934
15936
15937
15939
15940
15945
15946
15947
15948
15949
15950
15952
15956
15957
15958
15960
15961
15962
15963
15964
15965
15971
15972
15974
15975
15976
15977
15979
15984
15986
15987
15989
15991
15992
15993
15994
15997
15998
16000
16002
16005
16009
16012
16013
16014
16015
16017
16019
16021
16024
16025
16026
16027
16030
16031
16032
16034
16035
16037
16041
16043
16045
16046
16047
16050
16051
16052
16055
16056
16057
16058
16059
16061
16062
16065
16066
16068
16069
16070
16071
16072
16073
16075
16076
16078
16080
16083
16085
16086
16088
16091
16095
16099
16101
16103
16106
16108
16110
16111
16116
16117
16119
16120
16122
16126
16128
16129
16130
16132
16135
16140
16142
16144
16146
16147
16148
16149
16150
16156
16157
16158
16160
16166
16167
16169
16170
16171
16172
16173
16175
16176
16177
16178
16180
16181
16182
16183
16187
16190
16191
16194
16196
16198
16200
16201
16202
16203
16204
16206
16212
16215
16219
16220
16222
16223
16225
16226
16231
16235
16236
16238
16239
16243
16245
16249
16252
16255
16256
16259
16262
16264
16265
16266
16267
16278
16279
16281
16282
16283
16285
16286
16288
16289
16291
16292
16294
16295
16296
16297
16298
16301
16302
16304
16305
16306
16307
16308
16309
16310
16319
16320
16321
16323
16324
16326
16327
16330
16331
16332
16336
16337
16338
16340
16341
16342
16344
16347
16351
16352
16356
16360
16361
16362
16364
16366
16371
16372
16373
16377
16379
16380
16381
16382
16383
16384
16385
16387
16391
16393
16395
16397
16401
16406
16407
16409
16411
16412
16415
16420
16421
16423
16424
16427
16428
16429
16432
16433
16434
16435
16438
16440
16442
16443
16446
16447
16451
16452
16457
16458
16460
16461
16463
16464
16466
16467
16469
16470
16476
16478
16481
16482
16483
16484
16485
16486
16487
16488
16493
16497
16498
16499
16504
16506
16508
16511
16512
16513
16514
16515
16517
16518
16519
16520
16523
16528
16529
16532
16534
16535
16539
16543
16544
16546
16548
16551
16553
16555
16558
16559
16560
16561
16562
16564
16565
16569
16571
16572
16575
16577
16580
16583
16584
16588
16589
16590
16592
16594
16597
16598
16599
16600
16601
16602
16608
16609
16610
16612
16613
16615
16616
16617
16621
16623
16624
16626
16629
16632
16633
16635
16636
16641
16642
16645
16646
16649
16654
16655
16659
16660
16661
16662
16665
16666
16672
16673
16675
16677
16680
16681
16683
16688
16689
16691
16692
16693
16694
16696
16697
16699
16700
16701
16702
16703
16704
16708
16709
16710
16711
16713
16715
16720
16722
16723
16725
16726
16729
16732
16733
16739
16741
16745
16746
16747
16748
16749
16752
16753
16754
16758
16759
16761
16762
16764
16767
16768
16771
16774
16775
16776
16781
16782
16785
16787
16790
16791
16796
16798
16799
16804
16806
16807
16808
16811
16812
16814
16816
16817
16818
16819
16822
16826
16827
16831
16833
16834
16835
16836
16838
16839
16840
16841
16842
16845
16846
16848
16850
16855
16856
16857
16858
16861
16863
16864
16867
16868
16870
16876
16877
16878
16879
16881
16882
16884
16886
16888
16890
16891
16894
16895
16896
16897
16898
16903
16904
16911
16913
16915
16916
16917
16921
16924
16925
16926
16932
16936
16937
16938
16940
16942
16943
16946
16947
16949
16951
16952
16953
16954
16955
16958
16963
16964
16965
16968
16969
16974
16976
16977
16982
16983
16985
16986
16988
16989
16990
16992
16998
17000
17001
17002
17003
17005
17008
17009
17010
17011
17012
17013
17014
17016
17017
17022
17024
17026
17027
17029
17030
17031
17033
17034
17035
17037
17038
17040
17043
17049
17050
17051
17052
17053
17054
17055
17057
17058
17061
17064
17073
17076
17078
17079
17080
17082
17085
17088
17092
17093
17094
17096
17097
17098
17099
17101
17102
17103
17104
17107
17109
17111
17112
17121
17123
17124
17125
17130
17132
17133
17135
17137
17139
17140
17141
17144
17145
17148
17151
17157
17160
17163
17165
17168
17169
17170
17172
17173
17175
17176
17177
17182
17184
17185
17186
17187
17188
17189
17190
17194
17196
17198
17202
17205
17206
17207
17208
17213
17217
17219
17223
17224
17226
17229
17231
17232
17233
17235
17237
17238
17240
17241
17242
17244
17245
17246
17247
17252
17255
17258
17260
17261
17262
17264
17265
17266
17267
17269
17272
17274
17276
17280
17283
17285
17287
17288
17289
17292
17293
17294
17298
17303
17304
17306
17307
17308
17310
17311
17312
17313
17315
17317
17320
17321
17322
17329
17331
17335
17339
17340
17342
17343
17345
17346
17348
17350
17351
17355
17357
17358
17359
17360
17362
17365
17366
17367
17370
17372
17373
17375
17376
17377
17378
17380
17383
17384
17385
17386
17388
17389
17394
17395
17396
17398
17399
17400
17408
17409
17410
17411
17412
17416
17417
17418
17419
17420
17421
17422
17424
17425
17430
17432
17433
17437
17438
17440
17442
17443
17444
17447
17449
17450
17451
17453
17458
17461
17462
17463
17464
17465
17467
17470
17471
17473
17474
17477
17479
17480
17481
17482
17485
17488
17490
17492
17495
17496
17500
17501
17502
17504
17505
17510
17513
17514
17515
17516
17518
17519
17521
17522
17523
17526
17527
17530
17532
17533
17534
17535
17539
17541
17542
17543
17544
17545
17549
17551
17552
17553
17554
17555
17556
17557
17559
17560
17563
17567
17569
17570
17571
17573
17574
17575
17576
17577
17580
17581
17585
17586
17588
17590
17594
17595
17596
17598
17599
17603
17604
17607
17611
17616
17618
17619
17620
17621
17625
17628
17629
17631
17632
17633
17634
17637
17639
17642
17645
17647
17648
17650
17653
17654
17657
17661
17665
17668
17669
17672
17673
17676
17677
17680
17682
17683
17686
17689
17692
17693
17697
17702
17703
17704
17706
17708
17709
17712
17714
17715
17719
17720
17723
17725
17726
17728
17730
17731
17732
17734
17735
17736
17737
17738
17744
17746
17747
17749
17750
17752
17753
17754
17757
17758
17761
17762
17763
17766
17767
17769
17770
17772
17774
17777
17779
17783
17786
17787
17789
17792
17794
17795
17796
17797
17798
17802
17807
17811
17812
17814
17815
17816
17819
17822
17823
17824
17826
17827
17828
17829
17830
17831
17833
17837
17838
17842
17845
17846
17849
17850
17854
17855
17865
17866
17867
17869
17871
17874
17875
17877
17879
17882
17884
17885
17886
17887
17888
17892
17896
17897
17898
17900
17901
17902
17903
17904
17906
17907
17908
17909
17910
17911
17912
17913
17914
17915
17919
17920
17923
17925
17926
17928
17929
17930
17932
17934
17938
17942
17946
17947
17949
17954
17956
17957
17960
17961
17966
17969
17970
17974
17983
17984
17985
17987
17988
17989
17990
17991
17992
17993
17994
17995
17999
18001
18002
18003
18006
18008
18010
18013
18016
18017
18018
18019
18020
18021
18022
18023
18024
18028
18030
18033
18034
18035
18037
18039
18041
18042
18046
18047
18049
18050
18052
18053
18057
18058
18060
18062
18063
18065
18068
18069
18073
18076
18078
18081
18082
18087
18090
18091
18093
18095
18096
18097
18103
18106
18110
18111
18112
18113
18115
18116
18119
18120
18125
18126
18129
18130
18131
18132
18135
18136
18137
18139
18141
18142
18143
18146
18149
18150
18151
18152
18154
18155
18162
18163
18166
18169
18170
18171
18172
18173
18174
18176
18179
18180
18181
18186
18187
18188
18191
18199
18200
18204
18205
18207
18209
18211
18212
18213
18214
18216
18219
18222
18224
18227
18229
18230
18232
18233
18237
18239
18246
18247
18249
18253
18256
18259
18262
18263
18264
18268
18274
18278
18279
18280
18282
18286
18288
18289
18290
18291
18295
18305
18306
18307
18309
18311
18312
18318
18320
18321
18324
18326
18327
18329
18331
18335
18336
18337
18338
18346
18347
18348
18353
18354
18355
18359
18361
18364
18365
18367
18368
18369
18370
18373
18376
18377
18380
18381
18382
18384
18385
18386
18387
18389
18394
18399
18403
18405
18406
18408
18411
18412
18414
18415
18417
18418
18423
18425
18426
18427
18429
18430
18431
18433
18434
18436
18440
18443
18445
18446
18447
18448
18450
18451
18453
18454
18455
18458
18459
18460
18463
18464
18466
18470
18472
18473
18474
18475
18478
18479
18480
18481
18483
18484
18485
18488
18489
18490
18491
18493
18494
18498
18501
18504
18506
18507
18511
18514
18516
18517
18518
18519
18523
18524
18525
18528
18530
18536
18538
18539
18540
18543
18547
18552
18553
18554
18559
18560
18561
18565
18566
18569
18570
18571
18577
18579
18581
18582
18583
18584
18587
18590
18591
18592
18593
18594
18595
18596
18597
18599
18600
18602
18608
18615
18616
18618
18620
18623
18624
18625
18626
18627
18630
18632
18633
18636
18637
18638
18640
18641
18642
18643
18649
18650
18654
18662
18663
18664
18666
18667
18669
18670
18671
18672
18677
18678
18681
18683
18687
18689
18692
18693
18694
18696
18699
18702
18703
18704
18706
18707
18708
18710
18711
18713
18715
18716
18717
18719
18720
18721
18722
18724
18725
18730
18731
18733
18734
18737
18739
18740
18742
18743
18744
18747
18748
18750
18752
18755
18756
18757
18758
18760
18763
18765
18767
18768
18769
18775
18777
18782
18784
18786
18787
18788
18790
18792
18793
18794
18795
18799
18800
18801
18803
18805
18806
18807
18808
18809
18810
18811
18813
18815
18816
18817
18818
18820
18822
18823
18824
18826
18827
18828
18839
18840
18841
18845
18847
18848
18851
18853
18856
18858
18859
18863
18864
18869
18870
18871
18872
18873
18874
18875
18876
18877
18880
18882
18885
18887
18888
18889
18891
18893
18894
18895
18897
18898
18900
18901
18902
18903
18904
18905
18906
18907
18909
18910
18911
18913
18915
18916
18918
18921
18923
18924
18926
18927
18928
18930
18931
18932
18934
18935
18936
18937
18938
18939
18940
18943
18944
18947
18948
18949
18953
18954
18955
18956
18958
18961
18963
18964
18968
18971
18973
18974
18976
18977
18979
18980
18983
18984
18988
18989
18991
18997
18999
19000
19004
19006
19007
19008
19011
19012
19013
19014
19017
19019
19024
19027
19028
19029
19032
19034
19035
19037
19041
19045
19050
19051
19055
19056
19057
19058
19059
19062
19063
19064
19066
19069
19070
19071
19075
19076
19077
19078
19083
19084
19085
19087
19088
19089
19091
19094
19095
19097
19099
19103
19104
19105
19107
19109
19115
19119
19120
19125
19126
19127
19130
19134
19141
19145
19147
19148
19151
19153
19155
19156
19158
19160
19162
19171
19176
19177
19178
19179
19180
19181
19182
19183
19185
19187
19188
19189
19190
19191
19192
19195
19196
19197
19199
19204
19205
19207
19208
19209
19213
19216
19220
19222
19224
19226
19228
19229
19231
19232
19233
19234
19235
19236
19239
19240
19241
19242
19243
19244
19246
19247
19250
19251
19254
19255
19263
19264
19268
19269
19270
19272
19273
19274
19275
19276
19277
19278
19281
19282
19283
19284
19285
19286
19287
19289
19291
19293
19294
19295
19297
19298
19301
19302
19303
19304
19305
19310
19311
19312
19313
19315
19316
19319
19322
19324
19325
19328
19329
19330
19332
19336
19337
19340
19342
19347
19349
19351
19352
19354
19355
19356
19359
19360
19362
19363
19365
19367
19368
19370
19375
19376
19379
19380
19383
19387
19388
19397
19398
19401
19402
19406
19407
19408
19410
19412
19413
19414
19416
19420
19421
19422
19423
19424
19427
19428
19433
19434
19435
19437
19438
19439
19440
19441
19442
19443
19444
19446
19447
19450
19452
19453
19455
19458
19459
19460
19461
19462
19463
19464
19466
19467
19468
19469
19471
19475
19477
19478
19479
19482
19483
19484
19487
19494
19497
19498
19501
19504
19505
19506
19507
19510
19511
19514
19517
19521
19524
19527
19528
19529
19530
19531
19534
19536
19540
19542
19543
19544
19552
19553
19554
19555
19557
19558
19569
19570
19571
19574
19576
19577
19578
19581
19582
19584
19585
19590
19596
19598
19599
19600
19601
19605
19606
19609
19611
19614
19615
19616
19619
19620
19621
19622
19627
19628
19629
19630
19631
19634
19635
19638
19639
19641
19642
19643
19644
19646
19650
19656
19657
19661
19666
19668
19669
19673
19675
19678
19681
19683
19687
19694
19695
19699
19701
19702
19704
19705
19706
19709
19711
19714
19715
19717
19719
19722
19723
19725
19727
19728
19729
19731
19732
19734
19735
19736
19738
19739
19744
19745
19747
19749
19751
19752
19754
19755
19756
19757
19759
19761
19763
19764
19769
19770
19771
19773
19774
19775
19776
19777
19778
19779
19780
19782
19785
19786
19788
19789
19792
19798
19801
19803
19807
19809
19810
19811
19812
19815
19816
19817
19819
19820
19822
19823
19824
19825
19826
19830
19831
19834
19835
19836
19838
19839
19841
19843
19845
19847
19851
19856
19857
19858
19861
19862
19863
19864
19867
19868
19872
19875
19876
19879
19883
19884
19885
19886
19887
19891
19893
19894
19895
19897
19901
19902
19903
19905
19908
19909
19910
19912
19915
19918
19920
19923
19924
19925
19927
19928
19929
19930
19938
19940
19946
19947
19951
19952
19959
19963
19964
19968
19972
19977
19979
19980
19981
19982
19983
19986
19987
19990
19993
19994
19995
19996
19997
19998
20001
20003
20004
20005
20006
20009
20010
20011
20014
20016
20017
20018
20019
20020
20021
20023
20024
20027
20028
20029
20031
20033
20034
20035
20037
20038
20039
20043
20048
20049
20052
20053
20057
20058
20060
20063
20064
20066
20067
20068
20069
20070
20072
20074
20077
20078
20079
20080
20083
20089
20090
20094
20095
20096
20097
20101
20105
20106
20108
20110
20111
20114
20115
20122
20125
20126
20129
20131
20132
20137
20138
20139
20143
20144
20145
20147
20148
20152
20153
20154
20157
20158
20161
20164
20167
20174
20175
20176
20177
20180
20182
20184
20185
20189
20190
20191
20192
20194
20195
20199
20202
20204
20206
20207
20212
20216
20225
20226
20228
20231
20232
20233
20235
20238
20244
20246
20248
20253
20254
20257
20258
20259
20261
20265
20268
20269
20271
20272
20273
20276
20277
20278
20280
20283
20285
20287
20288
20289
20291
20299
20302
20303
20304
20307
20312
20313
20314
20315
20317
20318
20319
20320
20321
20324
20325
20326
20327
20330
20331
20332
20333
20337
20338
20339
20341
20344
20345
20346
20348
20352
20355
20357
20360
20362
20366
20367
20370
20373
20374
20375
20378
20379
20380
20381
20386
20387
20389
20390
20395
20396
20397
20398
20399
20403
20410
20411
20413
20414
20417
20419
20420
20422
20423
20426
20427
20428
20429
20430
20431
20434
20435
20438
20442
20444
20445
20448
20449
20451
20452
20453
20455
20457
20459
20461
20462
20466
20469
20470
20472
20473
20474
20475
20479
20480
20482
20483
20484
20485
20487
20488
20489
20492
20493
20494
20495
20502
20504
20505
20507
20509
20510
20512
20515
20518
20520
20522
20523
20528
20529
20530
20532
20533
20534
20539
20540
20541
20542
20543
20544
20545
20546
20547
20548
20549
20553
20557
20558
20559
20560
20561
20562
20565
20569
20570
20571
20572
20575
20576
20577
20578
20581
20582
20584
20585
20586
20587
20589
20592
20595
20597
20602
20604
20605
20607
20610
20614
20615
20616
20618
20620
20622
20623
20625
20626
20627
20628
20629
20631
20635
20636
20637
20639
20643
20645
20646
20652
20654
20655
20656
20657
20659
20661
20664
20665
20666
20670
20672
20673
20674
20676
20677
20679
20680
20681
20683
20684
20686
20687
20688
20690
20692
20693
20699
20700
20701
20704
20705
20707
20714
20716
20717
20718
20722
20724
20725
20728
20730
20732
20735
20736
20739
20743
20744
20746
20747
20748
20749
20750
20751
20754
20756
20757
20759
20760
20761
20762
20766
20768
20771
20773
20781
20783
20784
20788
20789
20790
20791
20792
20794
20804
20805
20808
20809
20810
20811
20814
20818
20820
20822
20824
20827
20831
20832
20833
20835
20837
20838
20839
20842
20843
20845
20846
20847
20848
20849
20850
20851
20852
20856
20857
20858
20859
20862
20865
20866
20870
20873
20877
20879
20880
20884
20886
20888
20889
20893
20898
20901
20902
20904
20905
20907
20908
20910
20912
20914
20917
20918
20919
20920
20922
20923
20926
20927
20928
20930
20931
20932
20939
20942
20943
20944
20946
20947
20948
20951
20952
20953
20954
20956
20958
20959
20968
20969
20971
20974
20977
20980
20981
20982
20984
20985
20986
20989
20992
20995
20998
21000
21003
21004
21006
21009
21016
21017
21018
21019
21020
21022
21023
21025
21026
21027
21030
21033
21034
21035
21037
21038
21039
21040
21042
21047
21049
21050
21051
21056
21058
21059
21060
21062
21065
21068
21070
21071
21072
21073
21076
21080
21082
21083
21084
21087
21091
21093
21094
21096
21097
21098
21099
21100
21102
21103
21104
21110
21111
21115
21120
21126
21127
21128
21130
21131
21133
21135
21137
21141
21145
21148
21153
21154
21155
21156
21157
21162
21164
21165
21168
21169
21170
21174
21182
21183
21184
21186
21187
21193
21198
21199
21201
21211
21213
21214
21218
21222
21223
21225
21227
21230
21232
21235
21236
21237
21242
21244
21245
21246
21247
21251
21252
21253
21254
21256
21259
21260
21261
21262
21264
21265
21266
21269
21275
21278
21280
21281
21284
21290
21292
21293
21295
21296
21297
21298
21299
21305
21307
21309
21311
21312
21313
21314
21316
21317
21319
21320
21321
21325
21326
21328
21330
21332
21333
21335
21336
21337
21341
21342
21344
21350
21352
21360
21363
21368
21370
21372
21380
21383
21385
21388
21389
21391
21392
21396
21399
21400
21402
21406
21411
21413
21415
21417
21418
21419
21423
21428
21429
21430
21435
21436
21437
21438
21439
21442
21445
21448
21451
21452
21454
21455
21460
21463
21465
21466
21470
21471
21472
21473
21480
21482
21483
21484
21485
21487
21488
21489
21490
21491
21492
21494
21495
21497
21500
21501
21502
21508
21511
21513
21514
21518
21520
21521
21522
21523
21526
21528
21529
21536
21537
21538
21541
21544
21545
21548
21550
21551
21554
21555
21556
21559
21560
21567
21569
21570
21571
21575
21576
21577
21578
21581
21583
21584
21587
21590
21591
21593
21596
21597
21598
21604
21606
21607
21608
21609
21611
21613
21614
21615
21617
21618
21622
21623
21626
21629
21632
21633
21635
21636
21638
21644
21647
21651
21652
21653
21655
21656
21657
21662
21664
21665
21667
21668
21673
21674
21675
21677
21678
21680
21681
21687
21689
21691
21694
21695
21697
21698
21700
21702
21703
21707
21709
21710
21717
21718
21719
21720
21723
21725
21728
21730
21732
21733
21734
21736
21738
21739
21740
21742
21743
21744
21745
21748
21749
21752
21753
21754
21755
21756
21757
21759
21760
21764
21766
21767
21771
21772
21773
21776
21777
21778
21779
21780
21781
21782
21783
21788
21789
21791
21796
21797
21798
21799
21802
21803
21805
21806
21808
21809
21811
21812
21813
21814
21816
21818
21825
21827
21830
21831
21832
21834
21835
21836
21837
21838
21841
21845
21847
21848
21849
21850
21852
21856
21858
21859
21860
21867
21870
21871
21873
21875
21877
21878
21879
21881
21883
21885
21887
21890
21899
21900
21901
21904
21905
21906
21907
21908
21912
21913
21914
21916
21918
21919
21921
21924
21925
21927
21928
21929
21931
21933
21934
21936
21937
21941
21943
21944
21945
21951
21952
21953
21954
21959
21960
21961
21962
21966
21967
21972
21973
21974
21975
21976
21977
21980
21981
21984
21986
21988
21990
21991
21992
21993
21995
21997
21998
22000
22002
22003
22004
22005
22006
22008
22009
22010
22013
22014
22015
22018
22023
22025
22026
22030
22032
22033
22037
22038
22039
22040
22042
22044
22046
22048
22049
22051
22053
22054
22059
22060
22061
22062
22064
22065
22067
22069
22073
22076
22078
22080
22081
22082
22083
22086
22089
22092
22094
22095
22096
22097
22101
22104
22106
22107
22111
22112
22114
22115
22120
22122
22128
22132
22133
22134
22136
22139
22142
22145
22149
22150
22152
22153
22155
22160
22161
22164
22165
22166
22167
22169
22171
22172
22174
22178
22179
22180
22181
22183
22184
22185
22186
22194
22197
22198
22199
22200
22202
22205
22206
22207
22208
22209
22210
22211
22217
22221
22222
22223
22224
22228
22230
22231
22235
22238
22240
22241
22242
22244
22245
22251
22253
22254
22257
22259
22260
22265
22266
22267
22268
22272
22273
22274
22275
22276
22277
22278
22279
22280
22283
22285
22287
22288
22289
22292
22293
22295
22296
22298
22301
22306
22308
22310
22311
22313
22316
22319
22320
22321
22322
22323
22324
22325
22327
22333
22338
22339
22340
22341
22342
22343
22344
22345
22346
22348
22351
22354
22355
22357
22360
22363
22366
22371
22372
22375
22376
22379
22382
22383
22386
22387
22390
22391
22392
22393
22394
22395
22397
22401
22402
22404
22405
22408
22409
22411
22412
22417
22418
22420
22422
22423
22424
22425
22426
22429
22430
22433
22434
22435
22436
22437
22439
22441
22443
22444
22445
22447
22449
22450
22453
22458
22461
22463
22464
22468
22471
22472
22473
22474
22475
22476
22477
22478
22480
22483
22487
22488
22490
22491
22493
22494
22495
22497
22498
22499
22502
22504
22505
22509
22510
22513
22514
22515
22516
22517
22518
22519
22523
22524
22527
22528
22530
22534
22535
22536
22537
22540
22542
22543
22544
22546
22547
22549
22550
22552
22554
22555
22556
22558
22559
22560
22562
22563
22565
22567
22571
22572
22574
22575
22576
22578
22579
22582
22584
22586
22587
22590
22592
22594
22595
22596
22597
22598
22599
22604
22607
22608
22612
22614
22615
22616
22619
22621
22622
22625
22626
22629
22631
22632
22635
22637
22639
22640
22641
22645
22648
22649
22650
22651
22654
22657
22659
22660
22661
22662
22663
22664
22667
22669
22671
22673
22676
22678
22679
22680
22683
22684
22685
22686
22689
22691
22693
22694
22696
22698
22699
22700
22702
22704
22705
22707
22708
22710
22711
22712
22714
22719
22720
22721
22722
22727
22728
22731
22733
22738
22741
22742
22743
22744
22746
22747
22748
22749
22750
22754
22766
22767
22770
22773
22774
22775
22776
22778
22780
22787
22788
22791
22792
22793
22794
22795
22797
22798
22800
22803
22804
22806
22807
22808
22809
22810
22814
22815
22816
22817
22820
22821
22822
22823
22825
22826
22827
22828
22831
22833
22834
22837
22838
22842
22843
22844
22846
22848
22851
22855
22856
22857
22858
22859
22862
22864
22865
22870
22874
22876
22877
22881
22883
22884
22885
22886
22887
22889
22890
22892
22895
22898
22901
22903
22905
22906
22908
22910
22911
22912
22913
22914
22915
22916
22917
22918
22919
22921
22922
22923
22927
22930
22931
22933
22939
22941
22942
22943
22946
22949
22950
22951
22952
22957
22958
22964
22965
22966
22968
22970
22975
22976
22977
22978
22980
22982
22985
22989
22992
22995
22996
22998
22999
23000
23001
23002
23003
23005
23006
23009
23010
23012
23013
23017
23024
23025
23026
23028
23029
23030
23031
23032
23036
23037
23038
23039
23040
23041
23042
23045
23047
23048
23049
23051
23052
23053
23055
23056
23057
23060
23061
23064
23065
23066
23067
23071
23072
23073
23074
23075
23076
23077
23082
23086
23088
23090
23093
23094
23095
23097
23103
23104
23106
23110
23112
23114
23116
23117
23119
23120
23121
23124
23125
23126
23128
23130
23131
23132
23133
23137
23143
23144
23150
23151
23152
23153
23154
23156
23157
23159
23161
23162
23164
23166
23167
23168
23170
23171
23172
23174
23175
23179
23180
23181
23184
23185
23186
23187
23188
23189
23190
23191
23195
23196
23198
23199
23200
23204
23209
23210
23211
23212
23214
23215
23217
23218
23221
23222
23229
23232
23235
23236
23238
23239
23240
23242
23244
23245
23246
23248
23249
23252
23253
23254
23255
23256
23260
23262
23263
23264
23265
23268
23269
23270
23271
23272
23273
23275
23276
23277
23279
23280
23281
23284
23286
23288
23289
23290
23291
23293
23295
23297
23298
23301
23306
23308
23311
23312
23313
23314
23315
23317
23320
23322
23325
23327
23328
23330
23331
23332
23334
23338
23341
23342
23343
23345
23350
23351
23353
23354
23355
23356
23358
23359
23360
23362
23363
23369
23370
23371
23372
23374
23375
23379
23382
23384
23385
23390
23391
23392
23395
23398
23400
23404
23406
23407
23409
23412
23414
23417
23418
23420
23423
23424
23430
23432
23433
23434
23435
23437
23438
23441
23442
23446
23447
23448
23449
23450
23456
23457
23458
23466
23470
23472
23474
23476
23477
23485
23486
23490
23492
23494
23495
23500
23502
23504
23505
23506
23507
23508
23512
23514
23516
23518
23520
23523
23525
23526
23528
23531
23534
23535
23537
23540
23541
23542
23546
23549
23551
23554
23557
23562
23564
23566
23567
23568
23574
23576
23578
23582
23583
23584
23585
23586
23588
23589
23590
23594
23595
23596
23599
23601
23606
23609
23611
23613
23614
23615
23616
23619
23620
23621
23624
23625
23628
23629
23630
23633
23634
23642
23643
23645
23647
23654
23656
23658
23659
23661
23663
23664
23665
23666
23667
23668
23669
23671
23672
23673
23674
23677
23678
23679
23680
23681
23683
23686
23687
23689
23692
23693
23698
23701
23702
23704
23705
23708
23712
23715
23718
23722
23725
23726
23731
23736
23737
23739
23741
23742
23743
23744
23745
23747
23748
23750
23752
23753
23756
23759
23760
23762
23766
23767
23769
23770
23772
23775
23777
23778
23781
23782
23783
23784
23785
23786
23787
23788
23792
23795
23796
23798
23799
23800
23801
23807
23808
23811
23814
23816
23817
23818
23819
23822
23824
23825
23826
23827
23828
23829
23830
23831
23832
23833
23840
23841
23842
23845
23846
23847
23848
23850
23851
23857
23858
23859
23860
23863
23864
23865
23867
23869
23870
23872
23873
23879
23882
23886
23887
23888
23889
23891
23893
23894
23895
23900
23903
23905
23906
23907
23908
23910
23915
23917
23920
23921
23923
23924
23930
23934
23936
23937
23938
23939
23941
23942
23946
23948
23949
23951
23953
23960
23961
23962
23963
23965
23966
23967
23969
23972
23973
23975
23976
23979
23980
23982
23983
23984
23987
23989
23990
23992
23993
23997
24000
24002
24003
24004
24005
24010
24011
24012
24013
24014
24015
24016
24017
24019
24021
24022
24025
24028
24030
24035
24037
24038
24040
24042
24043
24045
24046
24049
24053
24055
24056
24062
24063
24064
24065
24069
24072
24073
24075
24076
24077
24078
24080
24081
24082
24083
24087
24089
24091
24092
24093
24094
24095
24097
24098
24099
24100
24101
24104
24105
24106
24107
24108
24109
24110
24113
24114
24115
24117
24119
24121
24125
24129
24130
24131
24132
24133
24134
24135
24136
24138
24140
24142
24144
24145
24148
24153
24154
24155
24156
24157
24158
24163
24165
24167
24168
24173
24174
24175
24176
24178
24180
24183
24185
24187
24191
24192
24199
24200
24201
24203
24206
24208
24210
24212
24213
24215
24218
24220
24222
24223
24224
24225
24226
24227
24228
24230
24232
24234
24236
24238
24240
24246
24247
24250
24255
24256
24257
24258
24262
24263
24265
24266
24270
24273
24275
24277
24278
24280
24282
24285
24293
24294
24299
24300
24301
24305
24310
24312
24314
24316
24317
24319
24320
24322
24324
24326
24329
24330
24334
24335
24336
24338
24339
24341
24343
24344
24348
24350
24354
24356
24357
24358
24360
24361
24362
24364
24367
24368
24369
24370
24371
24373
24374
24376
24377
24381
24382
24383
24387
24388
24391
24395
24396
24401
24402
24404
24406
24407
24409
24411
24414
24415
24416
24418
24419
24420
24421
24422
24424
24430
24431
24434
24436
24437
24439
24442
24443
24444
24445
24449
24450
24451
24453
24455
24456
24461
24462
24463
24464
24467
24468
24469
24470
24472
24474
24475
24476
24478
24480
24485
24487
24499
24500
24502
24503
24505
24506
24510
24514
24516
24518
24520
24522
24526
24527
24532
24535
24536
24537
24539
24540
24543
24546
24547
24550
24552
24554
24555
24556
24558
24559
24560
24564
24565
24567
24569
24571
24572
24578
24579
24580
24581
24582
24584
24586
24588
24589
24590
24591
24592
24594
24595
24598
24603
24607
24608
24611
24613
24619
24620
24624
24625
24626
24632
24634
24637
24639
24640
24643
24646
24647
24648
24649
24651
24652
24653
24654
24656
24659
24660
24661
24665
24667
24669
24670
24672
24674
24675
24678
24680
24682
24684
24686
24688
24689
24693
24696
24697
24698
24700
24701
24704
24706
24708
24711
24712
24713
24714
24716
24717
24719
24721
24722
24724
24733
24735
24737
24738
24740
24741
24742
24743
24744
24749
24750
24751
24755
24756
24758
24759
24761
24762
24763
24768
24769
24771
24777
24778
24780
24781
24783
24785
24787
24790
24791
24792
24793
24795
24796
24798
24799
24801
24807
24808
24809
24812
24814
24818
24823
24824
24827
24829
24831
24832
24833
24836
24839
24842
24845
24847
24852
24853
24854
24855
24856
24858
24859
24860
24862
24863
24866
24870
24872
24873
24874
24875
24880
24881
24883
24884
24886
24887
24889
24892
24893
24894
24896
24897
24898
24904
24907
24910
24913
24917
24918
24919
24920
24921
24924
24927
24928
24929
24930
24931
24932
24934
24937
24939
24943
24944
24947
24949
24950
24952
24954
24955
24956
24959
24960
24961
24963
24964
24965
24967
24969
24972
24973
24974
24976
24978
24980
24984
24989
24991
24992
24993
24994
24995
24996
24998
25001
25004
25007
25010
25012
25013
25014
25019
25021
25022
25025
25026
25027
25028
25031
25034
25041
25043
25044
25045
25046
25048
25049
25050
25051
25052
25054
25055
25057
25058
25062
25065
25071
25072
25075
25076
25077
25078
25079
25081
25082
25084
25085
25086
25088
25092
25094
25095
25096
25097
25099
25100
25103
25104
25106
25109
25110
25112
25113
25114
25117
25121
25122
25124
25125
25128
25132
25133
25134
25139
25141
25143
25144
25146
25148
25149
25150
25152
25153
25154
25155
25156
25158
25159
25161
25162
25163
25164
25167
25168
25169
25172
25175
25178
25179
25180
25182
25187
25188
25189
25194
25197
25198
25199
25201
25204
25210
25212
25215
25220
25222
25223
25225
25227
25228
25230
25235
25236
25237
25240
25241
25242
25247
25248
25252
25254
25256
25257
25259
25261
25264
25268
25271
25273
25274
25275
25276
25280
25282
25283
25284
25287
25291
25293
25294
25295
25299
25301
25304
25306
25307
25308
25309
25310
25312
25313
25314
25321
25324
25325
25326
25329
25330
25331
25332
25333
25335
25339
25342
25345
25347
25348
25349
25353
25354
25355
25359
25365
25367
25368
25370
25371
25372
25373
25374
25379
25384
25385
25386
25387
25389
25390
25394
25402
25403
25407
25410
25412
25414
25415
25416
25417
25419
25420
25423
25426
25428
25429
25433
25434
25435
25439
25440
25441
25444
25447
25448
25449
25451
25452
25463
25464
25466
25468
25470
25471
25472
25474
25480
25482
25483
25484
25485
25486
25487
25490
25495
25496
25497
25499
25500
25502
25503
25504
25508
25509
25512
25514
25516
25518
25521
25522
25526
25527
25528
25532
25535
25542
25543
25544
25545
25546
25547
25548
25550
25551
25552
25553
25554
25555
25556
25557
25560
25564
25565
25568
25569
25571
25575
25576
25578
25579
25581
25582
25583
25584
25588
25590
25591
25592
25593
25594
25595
25598
25599
25600
25601
25603
25604
25605
25610
25613
25614
25616
25617
25619
25620
25621
25622
25623
25624
25625
25627
25628
25629
25631
25632
25633
25637
25638
25639
25641
25642
25644
25645
25646
25647
25648
25649
25650
25651
25652
25656
25659
25662
25663
25668
25669
25670
25672
25674
25675
25679
25685
25692
25694
25695
25697
25699
25702
25703
25705
25706
25709
25711
25712
25713
25714
25715
25717
25721
25724
25728
25729
25732
25734
25736
25740
25741
25745
25746
25749
25751
25754
25757
25759
25760
25762
25767
25768
25772
25773
25774
25776
25777
25779
25780
25781
25782
25786
25789
25790
25791
25792
25796
25797
25798
25801
25802
25805
25806
25807
25808
25810
25811
25813
25814
25815
25822
25823
25825
25826
25828
25836
25837
25841
25844
25845
25846
25850
25852
25854
25855
25856
25859
25861
25864
25866
25870
25872
25876
25878
25880
25881
25882
25883
25884
25887
25889
25891
25892
25893
25894
25895
25896
25898
25899
25900
25902
25903
25905
25907
25910
25917
25918
25919
25921
25923
25924
25925
25926
25927
25928
25930
25931
25933
25935
25937
25938
25940
25943
25945
25946
25949
25952
25953
25957
25959
25965
25966
25968
25969
25973
25974
25976
25979
25982
25984
25987
25989
25990
25992
25995
25997
26000
26002
26004
26010
26012
26013
26018
26022
26024
26025
26026
26029
26032
26034
26035
26037
26039
26040
26044
26046
26048
26049
26050
26052
26054
26055
26056
26057
26058
26059
26060
26061
26062
26063
26066
26067
26068
26069
26071
26072
26074
26075
26083
26085
26086
26089
26096
26097
26100
26102
26103
26104
26105
26107
26108
26109
26112
26119
26120
26121
26122
26124
26127
26128
26129
26130
26132
26133
26135
26136
26137
26138
26139
26143
26146
26149
26151
26152
26156
26158
26159
26160
26162
26163
26164
26167
26170
26171
26174
26178
26179
26184
26185
26186
26190
26194
26196
26198
26199
26200
26204
26212
26213
26214
26215
26216
26217
26218
26219
26223
26224
26225
26230
26232
26240
26244
26245
26247
26248
26249
26250
26253
26255
26257
26258
26262
26263
26264
26267
26269
26270
26273
26274
26277
26279
26280
26282
26284
26285
26287
26291
26292
26293
26294
26295
26296
26298
26300
26303
26307
26309
26311
26312
26313
26314
26316
26320
26321
26322
26323
26327
26328
26330
26332
26335
26336
26337
26338
26340
26342
26343
26345
26346
26348
26351
26352
26353
26354
26355
26356
26357
26358
26359
26360
26363
26364
26366
26368
26369
26370
26373
26375
26379
26380
26383
26389
26390
26392
26393
26395
26401
26402
26404
26405
26407
26408
26409
26411
26412
26416
26418
26419
26421
26423
26424
26425
26426
26431
26436
26438
26441
26444
26448
26450
26451
26452
26453
26455
26458
26459
26461
26462
26463
26464
26465
26469
26472
26474
26475
26477
26481
26482
26483
26484
26485
26487
26489
26490
26491
26492
26493
26494
26497
26498
26499
26501
26502
26503
26504
26505
26510
26511
26512
26513
26517
26518
26519
26520
26521
26522
26524
26525
26532
26533
26536
26539
26540
26541
26544
26545
26550
26551
26552
26553
26555
26556
26559
26562
26564
26565
26566
26567
26569
26571
26573
26574
26575
26578
26584
26589
26590
26594
26595
26598
26599
26600
26602
26604
26605
26608
26612
26615
26622
26623
26624
26625
26626
26627
26629
26630
26631
26632
26633
26635
26636
26637
26641
26642
26643
26644
26645
26647
26648
26650
26651
26655
26658
26661
26663
26664
26665
26666
26667
26668
26669
26670
26671
26672
26674
26675
26679
26680
26684
26686
26689
26694
26696
26697
26701
26705
26709
26714
26716
26721
26724
26726
26727
26729
26730
26731
26732
26734
26737
26738
26742
26744
26748
26755
26756
26757
26761
26765
26766
26767
26769
26771
26772
26774
26775
26777
26780
26788
26789
26790
26791
26795
26797
26798
26800
26801
26809
26811
26812
26813
26817
26819
26820
26824
26827
26828
26829
26830
26833
26835
26836
26838
26839
26840
26841
26842
26844
26848
26850
26851
26855
26856
26857
26858
26860
26864
26869
26872
26875
26876
26882
26883
26884
26886
26887
26890
26891
26892
26893
26895
26900
26901
26902
26903
26907
26910
26914
26915
26916
26917
26918
26920
26923
26925
26926
26928
26934
26937
26939
26940
26941
26942
26947
26948
26951
26952
26954
26955
26958
26960
26961
26962
26963
26965
26966
26967
26968
26971
26974
26976
26978
26981
26982
26984
26986
26987
26988
26989
26990
26994
26995
26996
26997
26998
27000
27003
27005
27006
27007
27008
27009
27011
27012
27020
27021
27025
27027
27028
27029
27032
27033
27035
27038
27041
27043
27046
27048
27049
27053
27054
27055
27056
27057
27058
27060
27069
27070
27074
27076
27078
27079
27080
27082
27084
27085
27086
27087
27090
27095
27096
27098
27100
27102
27104
27106
27107
27109
27110
27111
27112
27114
27117
27120
27121
27122
27124
27129
27131
27140
27144
27145
27147
27149
27151
27155
27157
27161
27163
27164
27166
27167
27168
27169
27170
27171
27172
27175
27176
27177
27181
27182
27184
27185
27186
27187
27188
27189
27191
27193
27194
27196
27198
27199
27200
27202
27203
27205
27206
27208
27209
27211
27213
27215
27216
27217
27218
27223
27224
27226
27228
27230
27232
27235
27238
27246
27247
27249
27250
27253
27254
27255
27264
27265
27267
27268
27270
27272
27275
27278
27279
27280
27290
27293
27297
27299
27302
27303
27304
27305
27306
27307
27311
27317
27319
27320
27322
27325
27326
27328
27331
27332
27335
27336
27340
27341
27342
27343
27344
27345
27346
27347
27349
27351
27352
27353
27354
27355
27356
27357
27358
27361
27364
27369
27370
27371
27372
27373
27374
27376
27377
27379
27382
27385
27388
27389
27391
27392
27393
27395
27396
27397
27400
27403
27404
27405
27407
27408
27409
27410
27411
27412
27413
27414
27416
27418
27419
27421
27422
27424
27425
27426
27429
27431
27433
27434
27436
27442
27443
27444
27447
27454
27455
27457
27458
27459
27460
27461
27465
27466
27470
27471
27472
27474
27475
27476
27479
27483
27484
27486
27488
27489
27490
27491
27495
27497
27498
27500
27502
27504
27505
27508
27509
27510
27511
27512
27514
27516
27519
27520
27521
27522
27523
27527
27528
27533
27536
27537
27542
27543
27544
27546
27547
27548
27550
27551
27552
27555
27556
27557
27558
27559
27561
27562
27564
27567
27572
27573
27576
27577
27579
27580
27585
27586
27587
27588
27589
27590
27591
27592
27593
27594
27595
27597
27599
27602
27603
27604
27605
27608
27610
27611
27612
27614
27615
27618
27621
27622
27623
27625
27626
27631
27632
27633
27635
27636
27637
27638
27641
27642
27643
27644
27647
27651
27653
27654
27655
27657
27658
27663
27664
27665
27667
27668
27670
27671
27673
27674
27675
27682
27684
27686
27690
27691
27692
27696
27701
27702
27703
27704
27706
27707
27708
27709
27710
27711
27713
27717
27718
27719
27720
27722
27727
27731
27733
27734
27735
27739
27741
27743
27745
27746
27751
27753
27756
27758
27760
27761
27762
27763
27766
27769
27770
27771
27773
27774
27775
27776
27779
27780
27784
27785
27788
27789
27791
27794
27795
27796
27797
27801
27802
27803
27804
27805
27809
27810
27814
27815
27816
27818
27819
27820
27821
27822
27823
27824
27825
27831
27833
27834
27835
27837
27838
27839
27843
27845
27846
27847
27850
27851
27853
27854
27855
27856
27857
27860
27861
27862
27865
27868
27869
27871
27874
27875
27876
27877
27882
27883
27887
27889
27890
27891
27893
27895
27896
27897
27898
27899
27900
27905
27906
27907
27909
27911
27912
27915
27916
27918
27920
27921
27925
27926
27927
27928
27929
27934
27939
27942
27943
27947
27948
27949
27951
27952
27953
27955
27961
27963
27964
27966
27970
27971
27972
27973
27974
27975
27976
27977
27979
27982
27985
27987
27989
27990
27991
27992
27996
28000
28001
28004
28011
28013
28020
28024
28026
28029
28030
28031
28032
28034
28036
28037
28038
28040
28044
28045
28047
28048
28050
28055
28057
28058
28059
28063
28064
28065
28067
28070
28071
28072
28074
28075
28080
28081
28082
28084
28087
28089
28091
28094
28096
28098
28101
28104
28105
28106
28107
28108
28109
28110
28111
28117
28118
28119
28120
28122
28123
28126
28130
28132
28133
28134
28139
28140
28144
28145
28149
28151
28152
28153
28156
28157
28160
28165
28167
28168
28170
28171
28174
28175
28176
28178
28181
28182
28184
28186
28187
28188
28189
28190
28193
28195
28196
28198
28201
28203
28209
28210
28211
28212
28214
28215
28217
28219
28220
28221
28222
28223
28224
28225
28228
28230
28231
28235
28236
28238
28239
28240
28241
28242
28244
28246
28247
28249
28256
28258
28259
28262
28263
28264
28267
28268
28272
28273
28275
28276
28277
28278
28279
28280
28283
28284
28289
28291
28293
28295
28298
28303
28304
28307
28310
28314
28317
28319
28321
28322
28327
28328
28332
28333
28335
28337
28340
28341
28342
28345
28348
28353
28354
28356
28357
28358
28360
28363
28367
28368
28370
28372
28374
28375
28376
28378
28379
28382
28383
28385
28386
28387
28388
28389
28393
28394
28396
28397
28400
28401
28403
28404
28405
28406
28409
28410
28411
28418
28419
28420
28421
28423
28425
28426
28428
28430
28432
28437
28438
28439
28441
28443
28445
28446
28447
28448
28453
28456
28457
28458
28460
28465
28466
28470
28473
28477
28479
28480
28483
28487
28488
28490
28492
28493
28499
28501
28502
28505
28506
28507
28509
28511
28514
28515
28516
28518
28521
28522
28523
28525
28531
28532
28533
28534
28540
28544
28545
28547
28549
28550
28552
28553
28555
28556
28557
28560
28561
28565
28567
28570
28571
28572
28576
28580
28582
28583
28584
28586
28588
28591
28593
28594
28596
28598
28602
28603
28606
28607
28609
28611
28612
28615
28621
28622
28623
28624
28625
28627
28629
28634
28636
28637
28638
28642
28643
28646
28647
28649
28650
28651
28653
28654
28655
28658
28659
28660
28661
28663
28664
28665
28666
28667
28670
28671
28674
28676
28678
28679
28680
28682
28684
28685
28687
28690
28692
28693
28694
28695
28697
28699
28701
28702
28704
28705
28710
28713
28715
28716
28719
28720
28721
28722
28723
28727
28728
28730
28738
28741
28743
28744
28745
28750
28752
28753
28754
28755
28756
28757
28759
28760
28763
28766
28769
28770
28771
28777
28781
28782
28783
28784
28785
28786
28787
28789
28791
28792
28794
28797
28799
28800
28806
28807
28808
28809
28810
28813
28814
28815
28816
28817
28820
28821
28824
28825
28826
28827
28828
28829
28831
28832
28833
28834
28839
28841
28842
28843
28847
28848
28850
28853
28854
28856
28857
28858
28859
28862
28863
28864
28865
28869
28870
28873
28874
28875
28876
28877
28878
28879
28880
28881
28882
28884
28886
28887
28888
28893
28895
28897
28902
28904
28905
28910
28911
28912
28913
28915
28916
28917
28920
28921
28924
28925
28926
28927
28930
28932
28933
28934
28935
28936
28937
28938
28939
28941
28942
28944
28945
28948
28949
28950
28952
28953
28956
28957
28958
28961
28962
28964
28966
28969
28970
28974
28976
28983
28986
28989
28996
28997
28999
29004
29005
29006
29007
29009
29012
29016
29018
29020
29021
29025
29026
29028
29029
29031
29033
29034
29036
29038
29039
29041
29047
29048
29049
29050
29052
29054
29058
29060
29061
29063
29064
29065
29066
29072
29074
29075
29076
29077
29078
29080
29081
29084
29086
29087
29091
29092
29097
29100
29102
29106
29107
29108
29112
29117
29122
29125
29127
29128
29129
29131
29134
29142
29146
29149
29151
29152
29153
29155
29156
29157
29158
29160
29162
29164
29165
29166
29167
29169
29170
29172
29174
29175
29176
29179
29180
29188
29189
29193
29195
29198
29203
29204
29205
29206
29207
29209
29211
29213
29214
29215
29217
29219
29220
29225
29226
29228
29229
29234
29235
29236
29237
29239
29240
29241
29242
29243
29245
29249
29252
29253
29257
29258
29259
29262
29263
29264
29265
29266
29268
29269
29271
29273
29274
29276
29277
29279
29283
29284
29286
29290
29292
29300
29301
29302
29303
29304
29306
29308
29310
29311
29312
29314
29315
29316
29318
29319
29320
29321
29322
29323
29324
29328
29329
29332
29337
29338
29339
29340
29344
29346
29347
29349
29351
29354
29356
29357
29360
29362
29363
29364
29365
29366
29367
29368
29369
29370
29371
29372
29374
29378
29379
29380
29382
29383
29384
29386
29387
29388
29389
29391
29392
29396
29399
29400
29406
29407
29409
29410
29411
29413
29414
29416
29418
29422
29426
29428
29429
29432
29433
29437
29438
29440
29441
29442
29443
29444
29446
29448
29449
29450
29452
29454
29455
29458
29460
29462
29463
29464
29466
29471
29472
29474
29475
29477
29478
29483
29484
29490
29491
29492
29493
29494
29495
29498
29500
29501
29502
29505
29506
29509
29510
29512
29514
29520
29521
29524
29527
29530
29538
29539
29545
29546
29547
29549
29550
29551
29553
29554
29556
29558
29560
29562
29564
29565
29568
29570
29571
29572
29573
29578
29579
29580
29582
29583
29584
29585
29587
29589
29591
29599
29601
29604
29606
29609
29610
29613
29614
29615
29620
29622
29624
29626
29627
29628
29632
29633
29634
29636
29637
29638
29640
29641
29645
29647
29650
29651
29654
29655
29656
29658
29659
29660
29661
29662
29664
29665
29666
29668
29670
29672
29673
29674
29675
29677
29681
29682
29684
29686
29687
29689
29690
29691
29694
29696
29697
29698
29701
29705
29707
29712
29714
29716
29717
29720
29724
29729
29730
29733
29735
29736
29740
29741
29743
29745
29746
29747
29748
29750
29752
29753
29755
29757
29758
29759
29760
29761
29762
29763
29767
29769
29770
29771
29774
29775
29778
29780
29781
29782
29787
29788
29789
29791
29792
29798
29799
29800
29803
29808
29810
29816
29818
29821
29824
29830
29831
29832
29833
29835
29836
29839
29840
29841
29842
29851
29853
29854
29855
29856
29857
29858
29860
29863
29864
29865
29867
29871
29872
29873
29874
29875
29876
29877
29882
29887
29889
29890
29891
29892
29894
29895
29897
29900
29901
29903
29906
29909
29910
29914
29915
29917
29918
29919
29921
29925
29926
29927
29928
29929
29930
29931
29932
29938
29940
29942
29951
29952
29956
29957
29960
29964
29968
29974
29976
29979
29983
29985
29986
29987
29988
29989
29990
29992
29996
30001
30002
30003
30004
30005
30006
30007
30014
30015
30017
30018
30025
30027
30028
30036
30037
30040
30041
30042
30045
30047
30048
30049
30054
30055
30056
30058
30059
30060
30062
30063
30067
30069
30070
30071
30075
30077
30083
30084
30089
30095
30096
30097
30101
30103
30104
30109
30110
30115
30116
30118
30122
30126
30128
30129
30130
30131
30132
30133
30135
30138
30142
30143
30149
30150
30152
30156
30158
30159
30161
30163
30164
30165
30166
30169
30170
30171
30174
30175
30176
30183
30184
30186
30190
30195
30197
30198
30199
30200
30201
30207
30210
30221
30223
30224
30225
30227
30229
30230
30232
30235
30236
30238
30239
30240
30241
30242
30244
30246
30252
30253
30254
30255
30256
30258
30259
30261
30263
30265
30266
30267
30269
30270
30272
30273
30274
30275
30276
30280
30281
30282
30283
30284
30285
30288
30289
30293
30300
30301
30302
30304
30306
30308
30310
30311
30313
30314
30315
30320
30322
30324
30325
30326
30328
30329
30331
30332
30333
30335
30341
30342
30344
30346
30354
30361
30362
30363
30364
30365
30366
30369
30370
30376
30378
30385
30386
30387
30389
30392
30394
30395
30396
30397
30398
30400
30404
30405
30406
30407
30410
30412
30414
30416
30417
30418
30423
30424
30425
30426
30427
30428
30435
30437
30438
30439
30441
30443
30446
30451
30452
30453
30454
30455
30456
30457
30458
30459
30460
30462
30464
30465
30467
30471
30476
30477
30480
30481
30482
30483
30486
30489
30492
30494
30500
30506
30507
30513
30514
30515
30517
30518
30519
30521
30522
30524
30525
30527
30528
30529
30530
30532
30534
30535
30538
30541
30542
30543
30544
30545
30547
30548
30549
30550
30551
30552
30553
30556
30557
30558
30559
30560
30561
30562
30563
30564
30566
30569
30570
30571
30573
30578
30581
30584
30585
30586
30588
30591
30594
30595
30596
30598
30599
30601
30602
30603
30605
30606
30607
30609
30610
30616
30617
30618
30619
30620
30621
30622
30623
30624
30626
30629
30631
30633
30634
30635
30637
30640
30647
30648
30649
30651
30652
30653
30654
30656
30657
30658
30660
30662
30663
30665
30667
30669
30671
30673
30676
30677
30679
30681
30682
30684
30685
30686
30691
30693
30694
30697
30699
30705
30707
30710
30713
30714
30716
30719
30723
30725
30727
30728
30731
30732
30739
30740
30743
30744
30745
30746
30747
30749
30752
30753
30754
30756
30758
30759
30762
30763
30767
30770
30771
30772
30778
30779
30780
30781
30782
30786
30788
30790
30792
30794
30795
30796
30797
30799
30804
30807
30809
30811
30814
30815
30816
30817
30821
30823
30825
30826
30829
30832
30834
30835
30839
30841
30842
30843
30845
30846
30847
30854
30855
30861
30863
30865
30866
30867
30868
30869
30870
30872
30873
30875
30879
30882
30883
30885
30886
30890
30893
30897
30900
30903
30904
30905
30907
30912
30913
30917
30919
30921
30923
30928
30929
30930
30931
30932
30933
30934
30935
30936
30938
30939
30940
30942
30943
30944
30950
30951
30954
30955
30956
30960
30963
30965
30969
30971
30972
30979
30981
30982
30984
30987
30988
30989
30990
30995
31000
31001
31005
31007
31009
31010
31011
31012
31013
31016
31017
31019
31021
31024
31027
31028
31033
31034
31035
31036
31037
31038
31039
31040
31041
31043
31044
31046
31051
31052
31053
31055
31057
31058
31059
31061
31063
31066
31068
31069
31071
31072
31073
31075
31077
31079
31080
31082
31086
31087
31089
31092
31094
31097
31098
31100
31101
31102
31104
31105
31106
31107
31108
31109
31111
31112
31113
31115
31117
31119
31121
31122
31123
31124
31127
31128
31133
31134
31138
31139
31140
31141
31142
31143
31145
31149
31152
31153
31155
31156
31157
31158
31159
31160
31161
31163
31169
31170
31172
31173
31174
31176
31177
31181
31182
31183
31184
31187
31188
31189
31190
31191
31192
31196
31200
31201
31202
31203
31204
31206
31210
31212
31213
31214
31216
31217
31221
31223
31225
31228
31232
31234
31236
31238
31240
31241
31242
31244
31245
31247
31252
31253
31256
31258
31261
31267
31270
31271
31273
31274
31278
31280
31282
31283
31288
31293
31296
31300
31301
31302
31303
31304
31306
31308
31309
31313
31314
31315
31318
31320
31321
31324
31327
31328
31329
31331
31334
31336
31337
31343
31344
31346
31347
31348
31349
31350
31351
31356
31357
31360
31361
31365
31366
31368
31370
31371
31375
31377
31378
31379
31383
31387
31388
31389
31393
31396
31399
31401
31404
31405
31410
31411
31415
31419
31420
31422
31423
31424
31425
31427
31429
31430
31432
31433
31434
31436
31438
31439
31442
31443
31446
31447
31448
31453
31454
31458
31459
31461
31462
31464
31466
31468
31469
31473
31475
31477
31479
31483
31484
31485
31488
31490
31492
31496
31501
31503
31505
31507
31511
31514
31518
31519
31521
31522
31523
31527
31528
31533
31534
31536
31537
31540
31541
31542
31548
31549
31550
31551
31552
31553
31556
31557
31559
31561
31562
31563
31566
31567
31569
31572
31574
31575
31579
31583
31585
31589
31590
31592
31593
31594
31595
31597
31598
31600
31601
31602
31604
31607
31610
31613
31614
31617
31619
31621
31622
31626
31631
31636
31638
31640
31641
31645
31646
31647
31650
31653
31654
31656
31657
31659
31663
31665
31666
31667
31670
31673
31674
31675
31676
31678
31682
31683
31685
31686
31688
31690
31692
31694
31695
31697
31698
31700
31702
31704
31709
31710
31713
31717
31721
31724
31726
31727
31728
31732
31733
31735
31738
31741
31742
31743
31744
31746
31748
31751
31753
31758
31763
31764
31765
31767
31770
31772
31774
31777
31779
31780
31785
31786
31789
31790
31791
31794
31795
31796
31799
31800
31801
31805
31806
31812
31814
31815
31816
31819
31820
31821
31823
31825
31826
31830
31835
31839
31841
31842
31844
31846
31848
31849
31851
31852
31853
31854
31855
31856
31858
31859
31861
31863
31865
31866
31867
31870
31871
31872
31876
31879
31880
31883
31885
31886
31887
31888
31889
31890
31891
31892
31893
31894
31895
31897
31898
31900
31901
31902
31903
31904
31906
31907
31909
31910
31911
31912
31913
31916
31920
31921
31936
31937
31938
31940
31941
31943
31946
31947
31948
31949
31953
31954
31955
31957
31958
31959
31960
31963
31964
31967
31969
31970
31976
31980
31981
31983
31985
31986
31987
31988
31989
31990
31993
31994
31998
32000
32001
32004
32005
32009
32010
32011
32016
32017
32019
32020
32021
32023
32024
32028
32029
32033
32038
32040
32044
32047
32050
32053
32054
32056
32057
32058
32060
32064
32067
32068
32076
32077
32079
32083
32087
32088
32089
32090
32092
32096
32097
32098
32099
32101
32103
32104
32105
32106
32107
32108
32111
32113
32118
32121
32124
32125
32130
32133
32135
32136
32137
32139
32144
32146
32147
32149
32150
32151
32152
32154
32155
32156
32157
32158
32162
32164
32168
32170
32172
32176
32180
32184
32185
32187
32188
32189
32191
32193
32194
32201
32202
32203
32204
32206
32208
32209
32210
32212
32214
32215
32217
32218
32219
32221
32222
32223
32224
32225
32228
32229
32230
32233
32235
32237
32238
32239
32244
32246
32247
32251
32254
32258
32259
32261
32262
32269
32270
32271
32276
32278
32279
32282
32285
32286
32288
32290
32291
32294
32295
32300
32301
32302
32303
32305
32307
32309
32310
32312
32324
32326
32327
32328
32332
32333
32335
32336
32337
32338
32344
32346
32351
32352
32354
32355
32356
32357
32359
32360
32362
32370
32374
32377
32378
32379
32382
32383
32386
32387
32389
32390
32391
32393
32395
32397
32398
32400
32401
32402
32403
32405
32407
32410
32413
32414
32418
32419
32421
32425
32428
32429
32430
32432
32433
32434
32436
32439
32440
32442
32446
32448
32452
32453
32454
32456
32458
32460
32461
32463
32464
32467
32468
32469
32474
32475
32481
32485
32486
32489
32491
32492
32494
32496
32498
32499
32502
32505
32509
32511
32513
32514
32516
32517
32518
32519
32520
32521
32522
32524
32527
32528
32530
32531
32534
32536
32537
32540
32544
32545
32548
32549
32551
32552
32555
32556
32559
32560
32564
32565
32567
32568
32569
32571
32572
32573
32574
32576
32579
32581
32582
32583
32585
32586
32587
32590
32592
32594
32597
32598
32599
32600
32601
32604
32605
32607
32608
32609
32610
32614
32615
32617
32619
32620
32622
32623
32625
32626
32628
32629
32631
32633
32634
32636
32637
32638
32639
32640
32641
32647
32649
32651
32652
32653
32655
32656
32657
32659
32660
32662
32666
32668
32670
32671
32673
32676
32679
32684
32685
32686
32689
32691
32694
32698
32699
32700
32701
32702
32704
32706
32707
32709
32710
32711
32713
32714
32716
32717
32719
32720
32721
32722
32724
32728
32729
32730
32734
32736
32738
32740
32742
32744
32745
32746
32749
32752
32755
32756
32757
32758
32760
32761
32763
32767
