16384
32768
32767
32765
32764
32763
32758
32756
32755
32754
32752
32748
32747
32746
32745
32741
32740
32737
32736
32735
32734
32730
32727
32725
32724
32723
32722
32718
32717
32716
32715
32713
32709
32706
32702
32701
32700
32697
32696
32694
32693
32691
32690
32689
32685
32683
32680
32679
32670
32669
32665
32663
32661
32660
32659
32652
32651
32650
32646
32645
32644
32643
32642
32641
32640
32639
32635
32634
32632
32631
32630
32626
32625
32624
32623
32620
32619
32617
32616
32614
32613
32610
32608
32607
32606
32603
32601
32600
32598
32597
32595
32594
32593
32587
32585
32583
32582
32580
32578
32576
32575
32574
32572
32571
32570
32566
32564
32563
32560
32558
32555
32554
32553
32551
32549
32546
32544
32541
32539
32538
32537
32536
32534
32532
32529
32527
32526
32525
32523
32522
32520
32518
32517
32513
32512
32510
32509
32507
32506
32505
32498
32495
32494
32493
32491
32490
32488
32487
32486
32485
32484
32482
32481
32476
32473
32472
32469
32464
32461
32460
32458
32455
32452
32451
32450
32449
32447
32445
32444
32442
32437
32436
32435
32434
32430
32429
32427
32426
32425
32423
32422
32421
32420
32418
32415
32414
32410
32409
32407
32402
32398
32396
32395
32394
32390
32389
32388
32387
32386
32382
32381
32380
32379
32378
32377
32376
32371
32366
32364
32361
32360
32357
32356
32355
32354
32352
32351
32349
32344
32343
32341
32340
32339
32336
32335
32334
32333
32331
32330
32329
32328
32323
32322
32320
32319
32318
32316
32314
32313
32312
32311
32310
32309
32305
32304
32299
32298
32297
32292
32291
32289
32288
32287
32286
32284
32279
32277
32276
32274
32273
32272
32268
32265
32262
32258
32256
32254
32253
32252
32249
32246
32245
32242
32241
32240
32239
32238
32232
32230
32229
32227
32226
32225
32222
32221
32220
32218
32215
32214
32213
32206
32204
32203
32201
32200
32199
32197
32196
32193
32189
32188
32187
32186
32182
32178
32175
32171
32167
32164
32163
32160
32159
32157
32154
32153
32151
32150
32146
32145
32144
32143
32142
32141
32140
32137
32136
32135
32134
32130
32128
32127
32126
32124
32123
32120
32114
32112
32110
32106
32105
32104
32102
32101
32100
32099
32098
32097
32095
32094
32093
32092
32089
32088
32084
32083
32080
32079
32078
32077
32076
32075
32072
32070
32069
32065
32062
32061
32059
32053
32049
32047
32046
32045
32044
32043
32042
32039
32037
32036
32034
32029
32028
32026
32023
32021
32018
32017
32010
32005
32004
31999
31998
31992
31991
31988
31987
31984
31983
31982
31979
31978
31976
31974
31973
31968
31967
31965
31961
31957
31956
31951
31950
31949
31947
31946
31944
31942
31941
31940
31939
31937
31936
31935
31933
31932
31930
31929
31928
31926
31923
31922
31920
31916
31915
31913
31912
31910
31909
31908
31907
31905
31904
31901
31897
31895
31892
31887
31886
31884
31881
31880
31879
31874
31872
31871
31870
31869
31868
31867
31864
31863
31861
31860
31858
31857
31856
31855
31853
31852
31851
31849
31848
31847
31844
31840
31836
31835
31834
31832
31831
31830
31827
31825
31822
31820
31816
31813
31810
31809
31808
31806
31805
31803
31802
31800
31798
31797
31796
31795
31791
31790
31789
31785
31782
31781
31776
31771
31770
31767
31765
31762
31760
31757
31755
31754
31753
31751
31749
31748
31743
31742
31739
31738
31737
31736
31733
31731
31730
31729
31726
31724
31722
31720
31718
31716
31715
31714
31713
31711
31709
31708
31707
31702
31701
31698
31697
31691
31690
31689
31688
31687
31683
31682
31679
31678
31677
31674
31672
31668
31667
31666
31665
31663
31662
31661
31660
31658
31656
31653
31652
31646
31643
31642
31641
31636
31634
31632
31631
31629
31628
31621
31618
31617
31616
31615
31612
31611
31607
31606
31605
31604
31603
31602
31592
31591
31590
31589
31588
31587
31586
31584
31580
31579
31578
31577
31576
31574
31572
31571
31570
31568
31567
31566
31565
31561
31560
31559
31557
31553
31552
31551
31545
31543
31540
31538
31536
31535
31532
31529
31524
31523
31521
31520
31518
31515
31512
31510
31509
31508
31506
31502
31496
31495
31494
31493
31492
31489
31488
31486
31484
31481
31479
31477
31476
31475
31472
31469
31468
31466
31462
31457
31456
31454
31453
31452
31451
31450
31449
31448
31444
31441
31440
31436
31434
31433
31430
31427
31424
31420
31418
31417
31416
31415
31413
31409
31408
31407
31406
31405
31404
31403
31402
31401
31397
31394
31393
31385
31384
31383
31382
31381
31380
31377
31375
31372
31371
31369
31368
31365
31364
31363
31362
31361
31357
31356
31350
31347
31346
31344
31343
31342
31340
31337
31335
31330
31329
31327
31325
31324
31323
31322
31319
31318
31317
31314
31312
31308
31307
31306
31305
31304
31303
31300
31299
31296
31293
31292
31289
31288
31287
31286
31285
31284
31283
31282
31281
31280
31279
31278
31273
31272
31271
31270
31267
31266
31265
31264
31262
31260
31259
31258
31257
31256
31254
31251
31250
31249
31246
31245
31242
31238
31237
31236
31235
31234
31232
31229
31228
31227
31226
31225
31223
31222
31221
31219
31218
31217
31216
31213
31210
31207
31206
31205
31203
31202
31201
31200
31198
31196
31195
31190
31187
31185
31184
31183
31182
31180
31177
31175
31174
31172
31170
31169
31163
31160
31158
31157
31156
31154
31153
31151
31149
31145
31143
31140
31138
31136
31135
31132
31127
31126
31124
31123
31121
31120
31119
31116
31112
31111
31110
31108
31107
31105
31104
31103
31102
31098
31097
31096
31092
31083
31079
31078
31077
31074
31073
31070
31068
31066
31064
31063
31061
31060
31057
31055
31054
31053
31048
31043
31041
31040
31039
31038
31034
31029
31028
31027
31025
31024
31023
31022
31021
31020
31019
31018
31014
31013
31012
31010
31009
31007
31006
31005
31001
31000
30999
30996
30995
30989
30988
30987
30986
30984
30980
30977
30974
30967
30964
30963
30961
30958
30956
30954
30953
30950
30948
30946
30944
30942
30940
30938
30937
30935
30933
30928
30927
30926
30923
30922
30919
30918
30917
30915
30913
30909
30906
30905
30904
30901
30899
30898
30895
30894
30892
30891
30890
30889
30887
30885
30883
30881
30880
30879
30878
30877
30876
30873
30870
30869
30868
30866
30862
30861
30860
30858
30854
30848
30846
30845
30839
30834
30833
30831
30829
30828
30826
30825
30824
30823
30820
30819
30818
30814
30813
30812
30806
30803
30801
30799
30795
30791
30790
30789
30787
30786
30785
30778
30777
30773
30772
30769
30768
30766
30765
30764
30763
30762
30760
30759
30756
30754
30753
30751
30750
30749
30747
30746
30744
30739
30738
30734
30733
30732
30731
30730
30728
30727
30726
30725
30722
30720
30719
30718
30717
30715
30714
30712
30709
30707
30705
30704
30703
30700
30697
30696
30694
30690
30689
30688
30687
30686
30684
30683
30682
30681
30678
30674
30672
30669
30668
30667
30666
30665
30663
30662
30661
30660
30658
30657
30654
30653
30650
30649
30644
30642
30641
30640
30639
30634
30633
30630
30629
30628
30626
30625
30624
30621
30620
30618
30617
30613
30611
30610
30603
30600
30599
30598
30595
30594
30593
30591
30590
30589
30586
30584
30583
30576
30575
30573
30572
30571
30569
30565
30562
30559
30558
30557
30556
30555
30552
30551
30549
30548
30543
30540
30536
30535
30534
30528
30526
30523
30522
30519
30518
30515
30513
30512
30510
30509
30507
30506
30505
30504
30501
30499
30497
30495
30490
30487
30484
30483
30480
30479
30478
30477
30475
30474
30473
30471
30470
30469
30468
30467
30466
30459
30458
30453
30450
30448
30447
30446
30445
30442
30440
30439
30438
30436
30434
30432
30429
30426
30425
30424
30420
30419
30416
30413
30412
30411
30408
30407
30406
30405
30403
30398
30397
30396
30395
30394
30392
30391
30390
30389
30388
30387
30386
30385
30383
30382
30381
30380
30379
30377
30374
30373
30372
30367
30366
30365
30364
30362
30360
30359
30356
30354
30353
30351
30349
30348
30347
30346
30343
30342
30341
30338
30333
30332
30329
30328
30325
30321
30319
30317
30316
30313
30311
30309
30306
30304
30303
30302
30300
30295
30293
30292
30289
30288
30287
30285
30284
30280
30279
30276
30275
30272
30271
30269
30268
30267
30266
30265
30264
30263
30262
30261
30260
30259
30257
30256
30253
30252
30251
30249
30245
30243
30242
30241
30238
30237
30235
30234
30232
30229
30227
30222
30221
30220
30218
30217
30216
30215
30209
30207
30205
30204
30203
30196
30195
30194
30184
30183
30182
30181
30180
30179
30177
30176
30172
30171
30170
30166
30164
30163
30159
30157
30156
30149
30147
30146
30145
30144
30143
30139
30137
30136
30135
30133
30131
30128
30127
30126
30125
30119
30115
30111
30109
30106
30105
30104
30103
30102
30101
30100
30098
30097
30096
30095
30094
30093
30091
30089
30088
30082
30079
30078
30076
30075
30074
30072
30071
30070
30069
30066
30064
30060
30057
30056
30053
30052
30051
30047
30045
30042
30040
30036
30034
30033
30032
30031
30029
30028
30027
30026
30023
30018
30017
30013
30012
30011
30010
30009
30007
30006
30003
30002
30001
29998
29997
29996
29995
29992
29988
29987
29985
29984
29983
29980
29978
29976
29974
29968
29966
29964
29963
29962
29959
29958
29957
29956
29949
29947
29946
29945
29944
29941
29937
29935
29934
29933
29932
29931
29930
29929
29928
29927
29926
29925
29924
29920
29919
29917
29912
29911
29909
29905
29904
29902
29899
29897
29895
29891
29889
29888
29886
29885
29883
29882
29880
29879
29878
29875
29873
29868
29866
29865
29863
29860
29854
29851
29848
29847
29845
29842
29841
29840
29837
29835
29833
29832
29830
29826
29825
29824
29822
29821
29817
29815
29811
29810
29809
29805
29799
29798
29797
29793
29792
29788
29786
29780
29779
29778
29776
29774
29770
29769
29768
29767
29766
29765
29764
29761
29757
29755
29754
29752
29746
29744
29742
29741
29740
29739
29738
29737
29735
29734
29732
29731
29730
29727
29725
29724
29721
29720
29717
29716
29714
29713
29712
29711
29709
29706
29705
29703
29701
29697
29696
29693
29689
29688
29687
29686
29684
29681
29679
29675
29674
29672
29670
29668
29667
29666
29665
29664
29663
29662
29659
29657
29655
29653
29652
29651
29649
29646
29644
29643
29642
29641
29640
29639
29636
29635
29633
29632
29631
29630
29629
29628
29626
29623
29621
29620
29616
29615
29612
29610
29609
29607
29605
29603
29602
29600
29599
29598
29596
29595
29591
29587
29586
29584
29583
29580
29579
29576
29573
29572
29571
29570
29568
29567
29566
29562
29560
29555
29553
29552
29550
29549
29548
29546
29545
29544
29542
29541
29540
29539
29538
29533
29531
29529
29525
29522
29520
29515
29514
29511
29509
29507
29506
29500
29499
29497
29496
29495
29494
29491
29486
29484
29483
29480
29479
29478
29477
29475
29474
29473
29471
29469
29468
29467
29465
29464
29460
29459
29458
29455
29454
29453
29450
29447
29446
29445
29443
29442
29440
29438
29437
29435
29432
29431
29429
29427
29426
29422
29421
29420
29417
29416
29415
29413
29408
29407
29406
29402
29400
29398
29396
29395
29394
29392
29390
29388
29387
29386
29384
29383
29381
29380
29378
29377
29375
29374
29373
29370
29368
29364
29363
29362
29360
29359
29354
29353
29351
29348
29345
29344
29343
29342
29341
29340
29333
29331
29329
29327
29326
29325
29324
29321
29320
29316
29315
29314
29313
29312
29308
29303
29301
29300
29296
29295
29294
29291
29289
29286
29284
29283
29282
29280
29279
29271
29269
29266
29264
29260
29259
29258
29254
29253
29252
29251
29248
29247
29245
29243
29240
29238
29236
29233
29232
29229
29228
29227
29226
29223
29222
29221
29218
29217
29215
29214
29213
29211
29208
29207
29205
29204
29201
29200
29198
29196
29194
29191
29189
29188
29187
29184
29183
29181
29179
29178
29177
29176
29174
29172
29171
29168
29167
29166
29165
29163
29161
29158
29156
29153
29152
29151
29147
29146
29145
29143
29140
29139
29137
29134
29132
29131
29130
29129
29128
29127
29125
29120
29118
29116
29115
29111
29109
29108
29106
29105
29104
29102
29101
29098
29095
29094
29092
29090
29089
29088
29086
29084
29080
29079
29077
29076
29074
29073
29072
29071
29068
29066
29065
29064
29063
29062
29059
29054
29049
29047
29046
29041
29040
29039
29037
29036
29035
29033
29032
29031
29029
29027
29026
29021
29020
29019
29018
29017
29016
29013
29012
29011
29010
29009
29008
29007
29005
29003
29000
28995
28990
28989
28988
28987
28986
28985
28984
28983
28982
28981
28978
28977
28976
28971
28969
28968
28967
28966
28964
28962
28961
28960
28959
28957
28955
28953
28952
28950
28949
28948
28947
28946
28944
28943
28942
28941
28935
28932
28928
28927
28926
28925
28923
28922
28921
28919
28918
28915
28912
28908
28902
28899
28893
28892
28889
28886
28884
28883
28880
28875
28874
28873
28869
28868
28862
28861
28858
28856
28855
28849
28848
28847
28845
28837
28834
28830
28828
28824
28822
28821
28820
28818
28817
28815
28814
28813
28812
28810
28804
28803
28802
28801
28798
28797
28796
28794
28793
28792
28791
28788
28784
28781
28780
28775
28773
28772
28771
28769
28768
28765
28763
28759
28756
28755
28753
28750
28749
28748
28746
28745
28744
28741
28740
28739
28734
28733
28731
28730
28728
28723
28722
28721
28720
28719
28713
28710
28709
28708
28705
28703
28702
28701
28700
28699
28698
28696
28695
28694
28691
28688
28684
28683
28679
28678
28677
28675
28673
28672
28671
28667
28665
28664
28659
28658
28655
28650
28648
28644
28641
28638
28636
28635
28632
28630
28627
28623
28618
28616
28614
28613
28610
28606
28605
28604
28602
28599
28597
28596
28594
28593
28592
28589
28587
28580
28576
28573
28569
28568
28567
28566
28564
28563
28557
28556
28555
28554
28553
28552
28551
28549
28547
28545
28540
28539
28537
28535
28534
28531
28530
28529
28527
28525
28523
28522
28519
28518
28517
28510
28508
28506
28503
28500
28498
28496
28494
28493
28492
28490
28484
28482
28481
28480
28475
28471
28468
28467
28465
28462
28461
28460
28459
28458
28455
28454
28453
28452
28451
28450
28449
28447
28446
28444
28442
28437
28436
28433
28431
28429
28428
28424
28423
28421
28420
28417
28416
28414
28411
28405
28403
28402
28401
28400
28399
28396
28395
28394
28393
28390
28388
28382
28376
28374
28373
28371
28369
28367
28365
28363
28362
28360
28359
28356
28354
28353
28349
28348
28344
28342
28341
28338
28337
28330
28329
28328
28326
28325
28322
28320
28319
28315
28314
28313
28309
28306
28304
28302
28301
28299
28297
28296
28295
28293
28290
28287
28285
28284
28283
28281
28280
28279
28277
28270
28268
28267
28266
28264
28257
28256
28255
28252
28251
28250
28247
28246
28245
28241
28238
28236
28234
28233
28230
28229
28228
28227
28226
28224
28223
28222
28221
28220
28219
28218
28217
28215
28214
28213
28208
28207
28206
28203
28202
28201
28197
28196
28195
28193
28192
28188
28186
28184
28178
28171
28170
28169
28165
28164
28161
28160
28159
28158
28156
28154
28150
28148
28146
28142
28141
28140
28138
28135
28134
28133
28132
28131
28125
28123
28122
28121
28118
28115
28114
28113
28112
28111
28106
28105
28104
28102
28101
28100
28097
28094
28092
28090
28089
28088
28084
28083
28082
28080
28075
28073
28072
28070
28065
28063
28061
28060
28059
28058
28057
28054
28053
28051
28050
28047
28044
28043
28041
28040
28039
28038
28037
28035
28034
28031
28030
28029
28027
28026
28023
28022
28021
28020
28019
28017
28016
28015
28013
28012
28011
28008
28006
28003
28002
28000
27999
27997
27995
27993
27988
27987
27986
27985
27983
27982
27980
27979
27971
27970
27969
27968
27965
27964
27963
27962
27961
27960
27959
27958
27955
27954
27953
27950
27947
27945
27943
27942
27941
27940
27938
27936
27932
27930
27928
27927
27925
27924
27923
27922
27921
27920
27919
27916
27912
27911
27910
27908
27904
27902
27900
27899
27898
27891
27890
27888
27883
27880
27878
27877
27871
27868
27867
27858
27857
27856
27855
27849
27848
27845
27842
27835
27833
27832
27831
27827
27820
27819
27818
27817
27814
27813
27812
27811
27810
27809
27808
27807
27805
27801
27800
27799
27798
27797
27793
27792
27791
27790
27786
27785
27784
27783
27780
27779
27777
27766
27764
27760
27759
27757
27755
27753
27752
27751
27746
27741
27737
27735
27732
27731
27730
27728
27724
27721
27720
27716
27715
27712
27707
27705
27704
27702
27701
27698
27693
27692
27690
27687
27685
27684
27680
27679
27677
27675
27674
27672
27671
27667
27666
27664
27663
27662
27661
27660
27657
27653
27650
27649
27648
27647
27642
27631
27630
27628
27627
27624
27617
27616
27615
27614
27613
27612
27606
27605
27604
27601
27598
27597
27595
27592
27589
27584
27583
27582
27580
27579
27578
27574
27568
27561
27560
27558
27556
27553
27552
27549
27548
27547
27545
27544
27542
27540
27539
27538
27537
27533
27531
27530
27527
27525
27522
27520
27519
27514
27512
27509
27507
27503
27497
27493
27492
27488
27486
27484
27483
27482
27479
27477
27474
27473
27471
27470
27469
27468
27467
27465
27464
27463
27460
27458
27456
27455
27454
27450
27444
27441
27439
27435
27432
27430
27429
27425
27424
27420
27418
27417
27413
27412
27411
27409
27405
27403
27401
27399
27396
27394
27392
27390
27388
27387
27386
27385
27384
27383
27382
27378
27377
27376
27372
27370
27368
27366
27361
27360
27359
27357
27355
27354
27351
27350
27349
27346
27344
27343
27342
27340
27339
27337
27332
27331
27330
27328
27326
27325
27324
27323
27320
27316
27315
27313
27312
27311
27310
27305
27299
27295
27290
27287
27285
27284
27282
27281
27280
27279
27278
27275
27271
27269
27268
27267
27266
27264
27263
27261
27260
27258
27256
27255
27254
27252
27251
27250
27248
27247
27245
27243
27242
27237
27236
27235
27233
27232
27231
27230
27228
27226
27222
27221
27220
27219
27218
27217
27216
27215
27213
27212
27211
27210
27208
27207
27206
27204
27203
27202
27196
27195
27194
27187
27184
27181
27180
27177
27176
27175
27174
27172
27168
27164
27157
27155
27154
27148
27143
27138
27137
27134
27133
27131
27130
27126
27125
27119
27118
27117
27116
27115
27114
27113
27105
27103
27102
27101
27100
27098
27095
27094
27093
27085
27084
27083
27082
27080
27079
27078
27074
27072
27071
27070
27067
27066
27064
27063
27058
27057
27056
27055
27053
27050
27045
27044
27043
27041
27040
27039
27037
27035
27034
27031
27030
27029
27026
27025
27024
27023
27022
27021
27018
27017
27016
27014
27012
27011
27010
27009
27000
26998
26997
26996
26995
26993
26992
26991
26990
26989
26986
26984
26983
26982
26981
26976
26972
26971
26969
26967
26962
26961
26960
26958
26957
26952
26951
26948
26947
26943
26942
26938
26935
26932
26929
26926
26924
26922
26920
26916
26914
26912
26910
26908
26906
26905
26902
26901
26900
26899
26898
26897
26896
26894
26891
26889
26887
26880
26878
26876
26872
26864
26861
26860
26855
26854
26849
26847
26846
26845
26843
26841
26840
26839
26835
26833
26832
26831
26822
26821
26818
26814
26813
26812
26811
26810
26809
26805
26803
26801
26800
26798
26793
26791
26789
26787
26786
26781
26779
26778
26777
26776
26775
26773
26768
26767
26765
26764
26761
26759
26758
26757
26755
26754
26751
26748
26744
26739
26738
26737
26736
26734
26732
26730
26729
26727
26725
26724
26721
26720
26719
26717
26716
26714
26711
26709
26708
26706
26705
26704
26703
26702
26700
26698
26694
26693
26691
26689
26688
26687
26684
26681
26676
26673
26671
26670
26669
26668
26664
26662
26660
26659
26656
26655
26652
26650
26648
26647
26646
26645
26644
26643
26642
26641
26635
26634
26632
26631
26630
26628
26627
26623
26622
26616
26615
26614
26601
26600
26597
26596
26594
26593
26589
26588
26586
26585
26584
26582
26580
26576
26575
26574
26573
26572
26571
26570
26569
26565
26564
26563
26562
26561
26560
26559
26558
26555
26554
26552
26549
26547
26544
26543
26541
26538
26536
26531
26527
26525
26519
26511
26509
26508
26504
26502
26500
26498
26496
26490
26489
26484
26482
26480
26479
26477
26476
26474
26472
26470
26469
26468
26464
26463
26459
26456
26455
26448
26445
26444
26443
26442
26441
26440
26438
26435
26434
26433
26432
26431
26428
26427
26426
26425
26423
26421
26418
26417
26416
26411
26409
26408
26407
26405
26404
26403
26400
26398
26396
26394
26393
26392
26391
26390
26389
26387
26382
26380
26377
26376
26375
26374
26372
26369
26368
26364
26362
26360
26354
26353
26352
26351
26350
26348
26347
26346
26337
26336
26334
26332
26331
26330
26327
26325
26320
26319
26318
26317
26315
26314
26313
26311
26307
26306
26303
26302
26299
26297
26296
26295
26293
26292
26291
26290
26287
26286
26284
26281
26272
26269
26267
26266
26264
26263
26262
26260
26259
26257
26253
26252
26250
26249
26248
26246
26241
26240
26237
26236
26235
26234
26233
26232
26231
26229
26228
26226
26222
26218
26217
26212
26208
26207
26205
26203
26202
26201
26200
26198
26195
26192
26188
26184
26180
26179
26176
26174
26173
26169
26167
26166
26165
26164
26163
26161
26157
26155
26150
26149
26146
26145
26143
26139
26136
26132
26130
26127
26126
26124
26121
26120
26117
26116
26114
26105
26101
26099
26097
26093
26092
26091
26090
26088
26087
26079
26078
26077
26073
26069
26060
26059
26056
26055
26052
26049
26048
26045
26036
26034
26032
26031
26030
26028
26027
26026
26024
26022
26019
26017
26016
26015
26011
26008
26003
26001
26000
25999
25998
25991
25990
25989
25986
25982
25981
25974
25973
25972
25964
25963
25961
25960
25958
25957
25956
25955
25953
25949
25944
25942
25941
25938
25934
25933
25929
25928
25926
25924
25921
25918
25916
25914
25913
25912
25911
25910
25908
25907
25906
25904
25902
25897
25896
25895
25893
25892
25891
25889
25888
25887
25886
25883
25882
25880
25878
25876
25875
25873
25872
25871
25869
25868
25865
25864
25863
25861
25857
25854
25851
25850
25849
25848
25846
25844
25842
25841
25839
25837
25833
25832
25831
25828
25827
25825
25823
25820
25817
25814
25811
25810
25806
25803
25800
25799
25797
25795
25790
25788
25787
25782
25780
25777
25776
25770
25768
25764
25763
25762
25760
25759
25757
25756
25755
25754
25750
25749
25747
25746
25745
25743
25742
25741
25738
25737
25736
25735
25734
25728
25727
25725
25723
25722
25721
25719
25718
25716
25715
25714
25713
25711
25710
25709
25708
25707
25706
25705
25704
25702
25701
25699
25696
25693
25691
25689
25688
25686
25684
25683
25682
25679
25676
25675
25673
25670
25669
25668
25666
25664
25663
25662
25661
25660
25659
25658
25657
25655
25654
25653
25652
25649
25648
25647
25645
25642
25640
25639
25638
25637
25636
25629
25628
25627
25626
25625
25624
25623
25622
25621
25619
25618
25617
25616
25615
25613
25612
25608
25607
25606
25605
25602
25601
25598
25595
25594
25593
25591
25588
25587
25586
25585
25584
25583
25580
25578
25577
25575
25573
25572
25568
25564
25563
25561
25559
25558
25556
25554
25552
25549
25547
25540
25539
25538
25534
25531
25528
25527
25525
25524
25520
25519
25518
25516
25514
25513
25511
25509
25507
25503
25500
25499
25498
25497
25496
25495
25492
25488
25485
25482
25481
25478
25477
25476
25475
25470
25467
25465
25464
25457
25455
25454
25453
25452
25451
25450
25447
25446
25439
25436
25433
25429
25428
25426
25425
25422
25419
25415
25414
25412
25411
25409
25408
25406
25402
25400
25399
25396
25395
25394
25392
25390
25388
25385
25384
25383
25382
25381
25379
25377
25376
25375
25372
25369
25367
25365
25364
25360
25359
25358
25357
25356
25354
25353
25352
25347
25336
25332
25330
25329
25326
25322
25321
25320
25318
25316
25315
25314
25312
25311
25308
25304
25301
25296
25295
25294
25291
25290
25289
25285
25284
25282
25281
25278
25275
25273
25272
25270
25269
25268
25267
25265
25263
25262
25261
25260
25251
25250
25249
25248
25247
25244
25243
25241
25239
25238
25235
25233
25232
25231
25229
25227
25225
25224
25222
25221
25220
25218
25214
25212
25210
25209
25205
25204
25201
25198
25194
25192
25191
25190
25188
25187
25185
25184
25182
25181
25180
25179
25178
25177
25174
25172
25167
25166
25163
25162
25161
25160
25156
25155
25154
25152
25151
25144
25143
25141
25139
25138
25137
25136
25135
25134
25133
25131
25129
25127
25124
25123
25122
25121
25119
25118
25115
25112
25111
25110
25108
25107
25106
25103
25100
25098
25097
25096
25095
25094
25093
25092
25086
25085
25084
25080
25079
25078
25073
25072
25071
25069
25068
25067
25062
25061
25060
25059
25058
25057
25053
25051
25050
25048
25042
25041
25040
25035
25034
25030
25029
25028
25024
25023
25022
25019
25017
25014
25013
25009
25004
25001
24999
24998
24997
24996
24995
24993
24991
24990
24987
24985
24984
24983
24982
24981
24974
24972
24963
24959
24958
24955
24951
24950
24948
24942
24941
24940
24939
24934
24932
24931
24930
24926
24925
24922
24920
24919
24915
24913
24912
24909
24906
24905
24903
24902
24895
24891
24890
24889
24886
24885
24884
24882
24880
24879
24877
24876
24875
24872
24870
24867
24865
24863
24862
24859
24857
24856
24851
24849
24846
24845
24843
24842
24838
24835
24834
24833
24830
24829
24827
24825
24824
24823
24822
24820
24819
24817
24816
24812
24811
24810
24808
24806
24804
24800
24797
24792
24789
24788
24783
24781
24780
24774
24771
24770
24769
24768
24764
24760
24758
24757
24754
24751
24749
24747
24744
24742
24740
24739
24737
24736
24733
24732
24730
24729
24726
24725
24723
24721
24720
24718
24716
24714
24713
24712
24709
24707
24706
24705
24703
24702
24699
24698
24697
24695
24687
24686
24684
24683
24682
24681
24680
24677
24675
24672
24669
24667
24666
24664
24663
24661
24657
24655
24652
24651
24650
24649
24648
24647
24646
24644
24643
24642
24636
24635
24633
24632
24630
24626
24621
24620
24619
24618
24617
24615
24612
24611
24609
24608
24607
24605
24603
24602
24600
24599
24596
24593
24588
24585
24583
24581
24579
24578
24577
24576
24575
24574
24572
24570
24569
24564
24563
24560
24559
24556
24555
24553
24552
24551
24550
24548
24546
24545
24543
24540
24538
24531
24530
24529
24527
24521
24519
24518
24515
24514
24509
24508
24507
24506
24505
24504
24503
24500
24499
24497
24494
24492
24490
24486
24482
24481
24479
24474
24473
24472
24471
24469
24468
24467
24460
24459
24458
24455
24454
24453
24450
24447
24443
24442
24441
24440
24437
24436
24434
24433
24429
24428
24427
24425
24424
24422
24420
24416
24415
24413
24412
24411
24405
24404
24402
24399
24397
24395
24394
24392
24390
24388
24387
24386
24384
24383
24382
24380
24377
24376
24375
24373
24369
24368
24367
24366
24359
24357
24356
24349
24347
24343
24342
24341
24340
24339
24337
24336
24335
24334
24331
24330
24328
24326
24324
24322
24321
24320
24318
24317
24316
24315
24314
24313
24310
24306
24305
24303
24300
24299
24298
24297
24296
24295
24294
24293
24291
24288
24284
24283
24282
24280
24278
24274
24268
24267
24266
24262
24261
24260
24259
24254
24252
24249
24248
24245
24244
24243
24242
24240
24236
24234
24230
24226
24225
24223
24222
24221
24220
24218
24217
24216
24213
24212
24211
24209
24208
24206
24202
24200
24199
24198
24192
24191
24190
24188
24185
24184
24182
24181
24180
24178
24172
24169
24168
24167
24164
24162
24160
24159
24156
24155
24153
24152
24148
24145
24143
24141
24139
24138
24137
24134
24130
24128
24127
24124
24120
24119
24118
24115
24112
24111
24110
24109
24105
24103
24102
24101
24100
24099
24098
24095
24094
24093
24089
24087
24086
24081
24078
24077
24076
24074
24073
24072
24070
24067
24065
24064
24063
24061
24059
24057
24054
24051
24048
24047
24046
24045
24044
24043
24042
24039
24036
24035
24034
24032
24031
24027
24026
24024
24023
24020
24017
24013
24012
24010
24008
24007
24005
24001
23999
23997
23996
23993
23992
23988
23987
23985
23983
23982
23980
23979
23977
23972
23970
23968
23967
23966
23963
23961
23957
23956
23953
23952
23950
23949
23948
23947
23946
23944
23938
23937
23936
23935
23934
23932
23931
23928
23927
23922
23920
23915
23914
23912
23911
23909
23908
23899
23898
23895
23891
23889
23888
23886
23884
23883
23880
23876
23875
23874
23871
23870
23868
23867
23864
23862
23861
23860
23859
23858
23857
23856
23855
23854
23853
23852
23851
23850
23849
23847
23846
23845
23843
23842
23841
23840
23839
23837
23836
23833
23832
23830
23829
23826
23825
23824
23823
23822
23818
23816
23814
23810
23809
23808
23807
23804
23801
23798
23796
23795
23790
23789
23788
23787
23786
23784
23783
23782
23779
23778
23777
23776
23773
23772
23768
23767
23766
23762
23759
23757
23755
23751
23750
23749
23748
23747
23744
23740
23737
23736
23735
23734
23731
23729
23726
23724
23723
23721
23719
23717
23716
23715
23714
23713
23708
23707
23703
23702
23697
23696
23695
23694
23692
23691
23689
23688
23686
23684
23683
23679
23675
23674
23673
23672
23669
23665
23664
23662
23661
23660
23659
23657
23655
23653
23652
23651
23650
23649
23647
23646
23645
23643
23641
23639
23638
23637
23632
23631
23628
23625
23619
23615
23612
23611
23610
23609
23607
23605
23603
23601
23599
23597
23595
23594
23591
23590
23588
23584
23583
23582
23581
23580
23578
23577
23576
23575
23574
23570
23564
23561
23558
23555
23551
23550
23548
23547
23546
23545
23543
23542
23541
23539
23537
23534
23533
23528
23527
23526
23525
23524
23523
23521
23520
23519
23518
23517
23516
23513
23512
23511
23505
23504
23500
23498
23496
23494
23493
23491
23488
23485
23484
23482
23481
23480
23478
23477
23476
23475
23474
23473
23472
23470
23469
23468
23463
23461
23456
23453
23452
23451
23449
23448
23445
23444
23443
23441
23439
23438
23437
23433
23431
23429
23428
23424
23423
23418
23416
23414
23411
23410
23408
23407
23403
23402
23401
23399
23391
23387
23386
23385
23384
23381
23380
23378
23375
23373
23372
23370
23368
23367
23365
23360
23359
23357
23355
23353
23352
23351
23350
23349
23344
23341
23337
23336
23335
23333
23331
23329
23328
23326
23325
23324
23323
23322
23321
23319
23318
23315
23314
23313
23312
23311
23310
23309
23306
23305
23304
23303
23301
23300
23296
23295
23294
23293
23291
23289
23288
23286
23285
23284
23283
23279
23276
23275
23274
23273
23270
23267
23266
23264
23261
23256
23254
23253
23252
23248
23247
23245
23244
23242
23241
23240
23237
23236
23231
23230
23227
23224
23222
23221
23218
23217
23213
23211
23210
23209
23208
23207
23206
23205
23202
23198
23195
23193
23192
23191
23190
23189
23187
23184
23183
23176
23174
23172
23169
23168
23167
23166
23163
23162
23161
23160
23157
23156
23153
23152
23151
23150
23149
23148
23147
23146
23145
23141
23139
23135
23131
23128
23127
23126
23124
23123
23120
23119
23118
23117
23115
23114
23113
23112
23108
23106
23105
23104
23103
23102
23098
23096
23094
23093
23089
23081
23080
23079
23078
23077
23075
23074
23072
23071
23067
23065
23063
23062
23061
23060
23058
23054
23051
23050
23047
23045
23044
23043
23042
23040
23038
23036
23034
23032
23029
23028
23027
23025
23024
23022
23020
23019
23015
23012
23009
23007
23006
23005
23003
23000
22999
22998
22997
22996
22994
22989
22988
22987
22983
22982
22981
22979
22978
22971
22970
22969
22963
22959
22957
22956
22954
22951
22950
22949
22948
22946
22944
22943
22941
22940
22939
22938
22936
22935
22934
22930
22929
22928
22926
22924
22920
22919
22916
22914
22905
22903
22899
22898
22895
22892
22891
22890
22888
22887
22884
22883
22882
22879
22877
22875
22874
22873
22872
22869
22868
22867
22866
22865
22864
22863
22862
22861
22858
22856
22854
22853
22850
22849
22847
22846
22845
22844
22840
22834
22833
22832
22831
22830
22829
22827
22826
22824
22823
22822
22821
22820
22816
22815
22814
22813
22811
22809
22808
22807
22806
22802
22801
22800
22799
22793
22792
22791
22790
22787
22786
22783
22782
22781
22777
22774
22773
22772
22770
22768
22767
22766
22759
22758
22754
22753
22752
22751
22749
22748
22747
22744
22743
22740
22739
22737
22736
22733
22725
22724
22723
22722
22718
22717
22715
22714
22710
22708
22705
22704
22699
22698
22697
22696
22695
22694
22693
22691
22690
22688
22687
22685
22683
22678
22677
22675
22674
22673
22672
22668
22667
22665
22663
22662
22660
22658
22656
22655
22654
22653
22652
22651
22649
22648
22646
22639
22635
22632
22631
22624
22623
22622
22620
22619
22618
22617
22615
22612
22611
22607
22604
22603
22602
22601
22600
22599
22598
22595
22593
22592
22586
22584
22582
22580
22577
22574
22572
22570
22568
22567
22566
22565
22564
22563
22562
22561
22560
22557
22552
22550
22548
22547
22546
22545
22544
22543
22542
22538
22537
22535
22532
22529
22528
22527
22526
22524
22523
22522
22520
22519
22518
22516
22515
22514
22513
22512
22510
22508
22506
22505
22502
22501
22500
22499
22497
22494
22492
22490
22488
22487
22486
22485
22482
22480
22479
22478
22475
22473
22466
22465
22464
22463
22462
22459
22457
22456
22455
22453
22452
22451
22450
22449
22448
22446
22445
22440
22438
22437
22435
22433
22432
22431
22430
22428
22427
22426
22425
22424
22422
22420
22419
22416
22414
22413
22410
22407
22406
22403
22401
22393
22392
22391
22390
22389
22385
22384
22383
22382
22381
22377
22376
22375
22374
22373
22370
22365
22364
22363
22359
22358
22357
22354
22350
22349
22346
22345
22344
22343
22341
22340
22339
22338
22337
22336
22333
22329
22327
22324
22321
22318
22317
22316
22310
22309
22308
22306
22305
22302
22300
22299
22295
22294
22292
22290
22289
22287
22285
22284
22283
22282
22281
22280
22278
22277
22276
22274
22273
22270
22266
22260
22256
22254
22249
22248
22245
22244
22239
22238
22236
22235
22234
22231
22230
22229
22226
22222
22221
22219
22214
22213
22211
22209
22208
22207
22205
22204
22202
22201
22199
22198
22197
22196
22194
22193
22191
22188
22184
22182
22180
22177
22174
22173
22170
22169
22166
22165
22164
22163
22162
22159
22157
22154
22153
22151
22148
22146
22145
22143
22142
22141
22139
22135
22128
22127
22125
22123
22122
22121
22118
22116
22113
22112
22110
22108
22107
22104
22099
22098
22094
22093
22092
22088
22086
22078
22076
22075
22074
22073
22072
22071
22068
22064
22063
22062
22061
22060
22059
22058
22057
22056
22054
22050
22049
22046
22045
22044
22039
22038
22035
22034
22030
22029
22028
22027
22026
22025
22024
22020
22019
22018
22017
22016
22015
22014
22013
22012
22011
22010
22007
22003
21999
21996
21994
21993
21992
21991
21989
21988
21985
21981
21980
21975
21974
21973
21972
21971
21970
21968
21967
21966
21965
21961
21960
21958
21956
21955
21954
21953
21952
21948
21947
21946
21942
21941
21940
21939
21938
21935
21934
21933
21931
21930
21928
21927
21925
21921
21918
21917
21916
21914
21911
21910
21907
21905
21903
21902
21901
21896
21895
21893
21891
21890
21888
21887
21886
21885
21884
21883
21880
21879
21878
21877
21876
21872
21871
21870
21869
21867
21866
21865
21861
21860
21858
21855
21853
21852
21850
21849
21848
21847
21846
21845
21841
21839
21838
21835
21834
21832
21831
21826
21825
21824
21822
21821
21820
21818
21817
21813
21811
21810
21809
21808
21806
21805
21804
21803
21802
21797
21796
21795
21794
21793
21792
21791
21790
21788
21786
21785
21781
21780
21778
21777
21775
21773
21770
21765
21764
21760
21758
21757
21754
21752
21751
21750
21748
21746
21744
21743
21741
21739
21738
21736
21735
21732
21729
21728
21725
21723
21722
21721
21719
21718
21714
21713
21712
21711
21710
21708
21707
21703
21698
21697
21693
21690
21687
21686
21685
21684
21683
21679
21678
21677
21675
21674
21672
21671
21670
21669
21666
21662
21661
21658
21657
21655
21653
21652
21649
21648
21647
21646
21642
21640
21637
21636
21635
21633
21632
21630
21629
21625
21624
21618
21613
21611
21609
21608
21607
21605
21602
21600
21598
21597
21596
21594
21592
21591
21590
21589
21588
21587
21586
21583
21582
21579
21576
21575
21574
21573
21572
21571
21562
21561
21558
21556
21554
21551
21545
21544
21543
21542
21541
21539
21535
21533
21531
21529
21528
21527
21523
21521
21520
21518
21509
21508
21507
21506
21505
21504
21503
21502
21500
21499
21498
21497
21496
21493
21491
21490
21486
21484
21482
21481
21480
21479
21478
21476
21473
21472
21471
21467
21462
21461
21460
21457
21456
21455
21454
21453
21452
21451
21450
21449
21447
21443
21441
21440
21439
21437
21435
21430
21428
21427
21426
21424
21420
21419
21417
21416
21414
21413
21412
21409
21407
21406
21405
21401
21400
21399
21398
21396
21395
21391
21390
21389
21388
21386
21385
21384
21378
21377
21376
21375
21374
21370
21369
21368
21363
21361
21360
21359
21358
21357
21354
21353
21352
21350
21349
21348
21346
21344
21339
21337
21334
21333
21331
21330
21327
21326
21325
21322
21319
21318
21313
21311
21308
21304
21299
21298
21297
21294
21291
21283
21282
21281
21277
21276
21273
21271
21267
21266
21265
21262
21261
21255
21254
21253
21252
21249
21243
21241
21240
21236
21235
21230
21226
21225
21224
21223
21220
21218
21217
21216
21215
21212
21211
21205
21204
21202
21201
21199
21197
21195
21194
21192
21191
21190
21189
21188
21187
21186
21185
21184
21181
21180
21178
21176
21174
21173
21171
21168
21166
21165
21164
21163
21162
21161
21159
21156
21155
21154
21153
21151
21149
21148
21146
21145
21141
21140
21138
21135
21134
21132
21131
21130
21129
21126
21123
21122
21121
21119
21118
21117
21115
21114
21112
21110
21107
21105
21101
21100
21099
21094
21087
21086
21084
21083
21077
21076
21074
21073
21071
21069
21068
21067
21066
21065
21060
21059
21056
21055
21053
21052
21051
21050
21049
21044
21042
21040
21039
21036
21035
21034
21033
21032
21029
21026
21025
21023
21022
21021
21019
21018
21016
21015
21014
21013
21012
21008
21007
21006
21003
21002
21000
20998
20997
20994
20993
20992
20991
20990
20986
20985
20981
20980
20977
20973
20970
20969
20968
20967
20965
20964
20962
20960
20958
20952
20950
20949
20947
20943
20942
20941
20940
20937
20936
20935
20932
20931
20930
20929
20928
20926
20925
20921
20918
20917
20916
20915
20913
20912
20911
20909
20908
20904
20903
20900
20899
20897
20896
20892
20891
20890
20889
20887
20886
20883
20882
20881
20878
20877
20874
20873
20871
20867
20866
20864
20863
20858
20857
20856
20852
20848
20847
20845
20844
20843
20841
20840
20839
20837
20834
20832
20830
20829
20828
20827
20823
20822
20819
20817
20816
20814
20813
20811
20810
20809
20807
20804
20803
20801
20800
20799
20795
20794
20792
20791
20786
20785
20784
20783
20782
20781
20780
20779
20777
20776
20775
20772
20768
20767
20766
20761
20759
20758
20757
20755
20752
20747
20746
20744
20742
20741
20737
20735
20731
20728
20725
20724
20723
20722
20718
20716
20714
20713
20712
20710
20709
20707
20706
20705
20703
20702
20701
20698
20696
20695
20690
20689
20685
20682
20675
20674
20673
20672
20671
20670
20669
20668
20667
20665
20663
20662
20661
20660
20658
20653
20649
20647
20646
20645
20643
20642
20638
20631
20630
20629
20627
20624
20623
20622
20621
20620
20617
20616
20615
20612
20611
20609
20608
20605
20604
20603
20602
20601
20599
20596
20595
20594
20593
20591
20590
20587
20586
20585
20584
20583
20582
20580
20579
20578
20577
20570
20567
20566
20565
20563
20561
20559
20552
20547
20546
20543
20541
20535
20533
20532
20529
20528
20520
20518
20515
20512
20510
20509
20508
20505
20504
20503
20502
20501
20500
20493
20490
20489
20488
20486
20485
20484
20482
20477
20476
20474
20471
20466
20464
20462
20461
20460
20458
20456
20455
20453
20451
20448
20447
20445
20443
20442
20441
20439
20438
20437
20436
20434
20432
20431
20428
20427
20426
20422
20414
20412
20411
20409
20406
20405
20400
20399
20395
20392
20391
20387
20386
20384
20380
20377
20368
20367
20366
20365
20364
20360
20359
20358
20355
20353
20352
20347
20346
20340
20339
20338
20336
20335
20333
20332
20331
20330
20329
20326
20322
20321
20315
20314
20312
20310
20309
20307
20305
20304
20302
20301
20294
20293
20291
20290
20287
20286
20285
20284
20283
20282
20281
20280
20278
20275
20270
20269
20268
20267
20266
20265
20263
20260
20259
20255
20253
20250
20248
20247
20246
20245
20244
20242
20241
20238
20237
20236
20235
20233
20232
20230
20229
20225
20224
20223
20222
20221
20220
20218
20217
20213
20210
20209
20205
20202
20200
20197
20196
20195
20194
20191
20189
20186
20184
20183
20182
20180
20179
20176
20175
20171
20169
20167
20166
20165
20163
20161
20160
20159
20157
20154
20153
20152
20147
20146
20140
20139
20134
20132
20128
20127
20126
20124
20121
20120
20119
20117
20116
20111
20110
20108
20103
20100
20097
20094
20092
20090
20087
20084
20081
20072
20071
20070
20068
20067
20065
20064
20061
20060
20056
20055
20053
20051
20049
20045
20044
20043
20041
20038
20037
20036
20035
20031
20029
20026
20025
20023
20021
20020
20018
20016
20013
20008
20006
19999
19998
19996
19995
19991
19988
19987
19982
19981
19980
19979
19978
19977
19976
19975
19974
19970
19969
19968
19967
19965
19964
19963
19961
19959
19957
19956
19955
19954
19950
19949
19948
19945
19940
19939
19934
19932
19931
19929
19928
19927
19922
19920
19919
19918
19917
19915
19914
19912
19909
19906
19905
19902
19901
19899
19893
19892
19889
19888
19887
19885
19884
19882
19881
19880
19878
19876
19874
19873
19872
19871
19869
19868
19865
19863
19862
19861
19859
19856
19854
19853
19850
19848
19845
19842
19840
19839
19837
19836
19834
19833
19832
19830
19823
19821
19820
19819
19818
19816
19815
19814
19813
19812
19811
19807
19805
19800
19799
19798
19797
19796
19792
19790
19788
19786
19785
19784
19783
19779
19776
19773
19772
19771
19770
19769
19767
19766
19765
19762
19761
19760
19759
19755
19753
19752
19751
19750
19746
19743
19742
19741
19739
19738
19735
19730
19729
19728
19727
19722
19720
19719
19718
19717
19716
19711
19709
19706
19705
19704
19703
19702
19700
19698
19696
19693
19692
19691
19690
19689
19684
19681
19680
19679
19677
19674
19672
19670
19667
19662
19660
19659
19653
19652
19651
19648
19647
19641
19640
19639
19637
19635
19634
19631
19630
19629
19628
19626
19624
19622
19620
19617
19616
19613
19612
19606
19600
19599
19598
19596
19595
19594
19593
19591
19589
19588
19587
19583
19582
19580
19578
19576
19574
19573
19572
19571
19565
19564
19561
19560
19559
19557
19554
19553
19552
19551
19550
19549
19548
19546
19542
19539
19534
19533
19528
19525
19524
19523
19522
19521
19519
19518
19517
19516
19515
19513
19512
19510
19508
19507
19506
19505
19504
19503
19502
19500
19499
19497
19496
19494
19492
19490
19481
19480
19479
19477
19473
19472
19471
19470
19469
19466
19462
19461
19456
19452
19450
19449
19447
19444
19438
19437
19436
19435
19434
19432
19431
19430
19429
19428
19427
19426
19425
19423
19422
19421
19419
19418
19417
19416
19415
19414
19412
19409
19406
19405
19402
19401
19400
19395
19394
19393
19391
19388
19387
19385
19384
19383
19382
19380
19379
19378
19373
19372
19368
19367
19365
19364
19363
19362
19355
19354
19351
19350
19349
19348
19346
19344
19343
19339
19336
19334
19332
19331
19326
19325
19324
19321
19319
19317
19316
19315
19313
19311
19306
19304
19303
19302
19299
19298
19296
19295
19294
19287
19283
19279
19278
19277
19275
19274
19272
19268
19266
19263
19262
19261
19260
19259
19256
19254
19252
19251
19250
19249
19246
19244
19243
19240
19236
19235
19230
19228
19226
19224
19222
19221
19215
19214
19212
19210
19203
19201
19198
19197
19195
19194
19193
19192
19190
19189
19188
19187
19186
19183
19182
19179
19177
19175
19172
19170
19169
19168
19167
19166
19165
19164
19162
19160
19159
19158
19157
19154
19153
19152
19151
19150
19147
19141
19140
19139
19138
19136
19133
19131
19129
19128
19127
19126
19120
19117
19116
19115
19114
19111
19110
19109
19108
19107
19105
19102
19101
19099
19095
19093
19092
19090
19089
19088
19087
19083
19082
19080
19079
19078
19076
19074
19069
19067
19065
19057
19055
19053
19048
19047
19044
19042
19041
19039
19037
19036
19035
19033
19032
19030
19025
19022
19021
19017
19016
19015
19013
19011
19009
19007
19004
18999
18996
18994
18991
18990
18987
18986
18985
18983
18977
18976
18972
18970
18969
18966
18965
18964
18963
18962
18961
18958
18955
18953
18951
18950
18947
18946
18943
18941
18940
18938
18937
18936
18935
18932
18927
18926
18924
18921
18916
18915
18914
18912
18909
18907
18906
18905
18903
18902
18899
18898
18896
18895
18894
18892
18891
18889
18888
18887
18886
18884
18882
18879
18876
18875
18871
18870
18866
18863
18861
18860
18858
18857
18856
18855
18854
18853
18849
18848
18846
18844
18841
18840
18837
18834
18833
18831
18829
18827
18826
18822
18818
18817
18816
18815
18813
18811
18809
18807
18806
18805
18804
18803
18799
18798
18797
18796
18794
18792
18790
18788
18786
18785
18783
18777
18776
18774
18773
18770
18768
18766
18765
18762
18760
18756
18755
18754
18751
18750
18747
18745
18744
18740
18739
18738
18737
18734
18732
18729
18728
18727
18726
18725
18724
18721
18719
18718
18716
18714
18711
18710
18707
18706
18705
18702
18701
18698
18695
18694
18691
18683
18682
18680
18678
18674
18673
18670
18667
18665
18664
18663
18662
18658
18657
18656
18655
18650
18649
18648
18647
18642
18638
18636
18635
18633
18632
18631
18629
18628
18626
18625
18624
18622
18621
18620
18618
18614
18613
18608
18607
18604
18603
18600
18597
18589
18587
18585
18584
18583
18582
18581
18580
18578
18576
18575
18570
18569
18564
18561
18560
18557
18554
18551
18550
18549
18547
18546
18545
18544
18541
18540
18539
18538
18535
18533
18530
18527
18526
18525
18523
18522
18520
18519
18518
18516
18513
18511
18509
18508
18506
18505
18504
18503
18499
18497
18488
18486
18484
18483
18481
18479
18477
18474
18473
18471
18469
18467
18465
18460
18455
18454
18450
18449
18448
18444
18443
18442
18441
18436
18435
18434
18431
18429
18423
18420
18417
18416
18415
18414
18411
18410
18403
18402
18398
18397
18396
18395
18394
18392
18391
18389
18388
18387
18386
18385
18383
18382
18381
18380
18376
18375
18370
18369
18367
18365
18364
18359
18357
18356
18355
18354
18353
18349
18348
18346
18345
18343
18340
18339
18337
18334
18332
18331
18327
18326
18324
18323
18320
18319
18316
18315
18313
18312
18310
18305
18302
18301
18300
18299
18295
18294
18293
18292
18291
18290
18284
18283
18281
18277
18274
18273
18272
18271
18270
18269
18268
18266
18262
18260
18259
18258
18255
18254
18252
18250
18249
18244
18241
18240
18239
18237
18236
18232
18231
18229
18228
18227
18222
18221
18219
18216
18215
18214
18213
18212
18210
18206
18205
18204
18202
18201
18200
18199
18197
18196
18195
18194
18192
18191
18190
18189
18188
18187
18186
18183
18182
18181
18179
18178
18176
18174
18171
18168
18165
18164
18162
18161
18156
18155
18154
18153
18151
18147
18146
18144
18142
18138
18133
18132
18131
18127
18126
18125
18124
18123
18122
18121
18117
18115
18114
18113
18112
18111
18108
18107
18106
18105
18104
18103
18101
18100
18098
18097
18096
18095
18094
18091
18090
18088
18087
18086
18085
18084
18080
18076
18072
18071
18068
18066
18065
18064
18063
18059
18052
18049
18048
18045
18042
18041
18038
18037
18036
18035
18032
18030
18028
18027
18023
18019
18017
18016
18015
18012
18009
18008
18006
18004
18003
18002
18000
17996
17991
17989
17977
17976
17974
17973
17972
17971
17970
17967
17965
17961
17959
17955
17954
17951
17950
17949
17946
17945
17942
17941
17940
17939
17937
17935
17934
17932
17930
17929
17928
17926
17923
17922
17921
17920
17918
17916
17914
17913
17912
17910
17909
17907
17906
17905
17904
17903
17902
17900
17899
17898
17896
17895
17894
17888
17886
17885
17883
17882
17879
17877
17876
17875
17874
17872
17871
17869
17868
17867
17859
17858
17857
17856
17855
17854
17852
17851
17850
17848
17847
17845
17844
17843
17841
17839
17838
17837
17834
17826
17824
17822
17821
17818
17817
17816
17813
17812
17811
17810
17806
17804
17802
17800
17798
17797
17796
17795
17794
17793
17791
17790
17785
17783
17780
17779
17777
17776
17773
17771
17769
17766
17765
17764
17763
17762
17760
17759
17757
17756
17752
17750
17748
17747
17745
17741
17739
17738
17734
17733
17730
17729
17728
17727
17724
17722
17721
17719
17717
17716
17714
17712
17709
17708
17705
17700
17699
17697
17696
17695
17694
17693
17691
17690
17689
17687
17683
17681
17680
17679
17678
17677
17676
17674
17673
17671
17668
17667
17666
17664
17663
17662
17661
17660
17658
17657
17655
17651
17650
17647
17645
17644
17643
17638
17637
17636
17635
17631
17630
17627
17623
17619
17615
17609
17608
17607
17606
17605
17604
17602
17599
17597
17595
17592
17591
17590
17589
17587
17584
17582
17578
17575
17574
17573
17571
17570
17565
17564
17563
17562
17560
17559
17557
17553
17548
17547
17545
17537
17536
17535
17532
17531
17530
17529
17525
17524
17521
17518
17516
17515
17514
17512
17510
17508
17507
17505
17502
17499
17496
17495
17493
17492
17491
17490
17489
17484
17482
17477
17474
17471
17469
17468
17465
17462
17459
17458
17454
17453
17452
17450
17448
17446
17441
17439
17438
17437
17432
17431
17430
17429
17427
17425
17423
17422
17421
17420
17419
17417
17416
17415
17414
17413
17409
17406
17403
17402
17400
17397
17391
17388
17383
17381
17380
17378
17374
17373
17368
17367
17365
17364
17363
17356
17354
17352
17349
17348
17347
17344
17343
17342
17339
17338
17337
17332
17331
17330
17329
17328
17324
17323
17322
17321
17319
17317
17315
17310
17304
17303
17302
17300
17298
17291
17290
17289
17288
17280
17279
17278
17276
17275
17274
17273
17272
17271
17270
17269
17268
17267
17266
17265
17264
17261
17257
17256
17253
17248
17245
17243
17242
17240
17238
17237
17236
17234
17232
17231
17230
17228
17220
17218
17209
17207
17206
17204
17202
17201
17200
17199
17198
17196
17195
17193
17187
17186
17184
17183
17179
17178
17173
17172
17171
17169
17165
17163
17162
17161
17160
17159
17158
17157
17155
17154
17150
17149
17143
17142
17141
17140
17137
17136
17131
17129
17127
17126
17125
17124
17119
17117
17116
17115
17114
17113
17112
17110
17109
17108
17106
17103
17100
17099
17097
17093
17091
17088
17085
17084
17083
17082
17078
17075
17072
17069
17065
17064
17062
17060
17059
17057
17056
17054
17051
17050
17048
17046
17044
17039
17038
17032
17031
17029
17028
17027
17022
17016
17013
17012
17011
17010
17008
17006
17003
17002
17000
16999
16996
16995
16992
16991
16990
16988
16987
16986
16985
16983
16981
16980
16979
16975
16973
16969
16964
16962
16959
16958
16955
16954
16951
16950
16948
16947
16945
16943
16941
16940
16938
16936
16933
16932
16929
16928
16927
16926
16923
16920
16914
16912
16909
16908
16906
16905
16903
16899
16896
16895
16893
16892
16891
16889
16888
16887
16886
16884
16883
16882
16879
16878
16877
16876
16873
16871
16869
16868
16864
16863
16862
16858
16856
16854
16853
16849
16848
16846
16842
16841
16838
16837
16835
16834
16831
16829
16828
16825
16822
16821
16820
16819
16818
16816
16814
16812
16809
16805
16801
16800
16799
16798
16797
16796
16795
16793
16792
16791
16790
16789
16786
16785
16782
16781
16778
16777
16773
16772
16768
16767
16766
16761
16760
16757
16755
16754
16752
16751
16750
16747
16746
16745
16743
16740
16738
16737
16735
16733
16731
16729
16726
16725
16720
16718
16717
16715
16714
16713
16712
16710
16709
16708
16707
16705
16704
16697
16696
16694
16693
16688
16685
16684
16682
16681
16680
16679
16678
16677
16676
16675
16672
16671
16670
16668
16667
16666
16663
16661
16659
16658
16657
16656
16655
16652
16650
16647
16646
16644
16643
16642
16639
16637
16635
16631
16629
16628
16626
16625
16623
16618
16617
16614
16613
16611
16610
16603
16602
16601
16599
16597
16595
16593
16590
16589
16587
16586
16585
16584
16582
16578
16577
16575
16574
16572
16571
16570
16569
16568
16567
16566
16565
16562
16561
16560
16559
16558
16555
16552
16550
16549
16548
16547
16546
16545
16544
16542
16540
16539
16538
16535
16533
16532
16531
16530
16528
16527
16525
16523
16522
16519
16516
16515
16512
16509
16508
16504
16503
16501
16497
16494
16493
16491
16487
16485
16483
16480
16479
16475
16474
16473
16472
16471
16470
16469
16468
16467
16466
16465
16464
16463
16459
16458
16456
16451
16450
16447
16444
16441
16438
16437
16436
16435
16434
16431
16424
16422
16421
16418
16416
16414
16412
16410
16409
16407
16406
16401
16400
16399
16398
16395
16393
16392
16389
16388
16386
16385
16384
16383
16380
16379
16373
16372
16371
16370
16368
16367
16365
16364
16358
16356
16354
16352
16351
16349
16345
16343
16342
16338
16332
16329
16327
16326
16323
16322
16321
16319
16318
16317
16316
16315
16314
16313
16312
16309
16308
16306
16304
16303
16297
16296
16294
16292
16291
16290
16288
16287
16285
16284
16281
16279
16271
16268
16266
16265
16264
16263
16261
16260
16257
16255
16254
16252
16251
16239
16237
16236
16234
16233
16232
16228
16227
16222
16221
16220
16219
16215
16214
16212
16211
16210
16207
16204
16203
16198
16195
16190
16188
16187
16186
16184
16181
16180
16179
16178
16177
16176
16172
16171
16169
16165
16160
16156
16153
16151
16145
16143
16142
16141
16140
16139
16136
16135
16134
16131
16129
16127
16126
16125
16124
16123
16120
16117
16116
16115
16114
16113
16110
16106
16105
16100
16098
16097
16095
16094
16093
16086
16085
16084
16083
16080
16076
16075
16073
16071
16067
16066
16065
16062
16058
16055
16054
16053
16051
16050
16049
16048
16047
16044
16043
16038
16036
16031
16028
16025
16024
16023
16022
16021
16019
16018
16017
16016
16015
16013
16009
16008
16007
16006
16005
16003
16002
16000
15999
15998
15991
15990
15989
15986
15984
15982
15980
15978
15977
15975
15973
15971
15969
15968
15966
15965
15958
15956
15955
15951
15950
15949
15946
15945
15937
15936
15935
15934
15933
15931
15927
15926
15924
15922
15921
15916
15915
15914
15911
15910
15908
15907
15906
15903
15896
15895
15894
15893
15892
15889
15888
15887
15883
15882
15879
15877
15876
15874
15873
15872
15871
15867
15865
15864
15861
15859
15858
15857
15856
15854
15852
15850
15849
15848
15845
15843
15842
15840
15833
15830
15829
15827
15826
15825
15822
15821
15817
15816
15815
15814
15813
15812
15809
15808
15807
15806
15803
15802
15800
15799
15798
15797
15795
15794
15793
15792
15791
15787
15786
15785
15781
15778
15776
15775
15773
15770
15768
15767
15764
15762
15761
15760
15758
15755
15752
15751
15748
15747
15746
15744
15742
15740
15738
15736
15734
15733
15732
15731
15730
15727
15726
15723
15721
15720
15718
15711
15710
15708
15703
15696
15694
15690
15689
15688
15686
15684
15682
15677
15676
15672
15670
15669
15667
15659
15653
15652
15650
15648
15647
15646
15645
15644
15643
15642
15641
15640
15639
15638
15637
15636
15635
15632
15631
15629
15627
15625
15621
15619
15616
15612
15611
15609
15607
15604
15603
15602
15601
15600
15599
15596
15595
15594
15593
15591
15590
15589
15584
15582
15581
15580
15579
15578
15577
15576
15573
15572
15571
15570
15569
15568
15567
15564
15561
15559
15556
15555
15554
15551
15549
15548
15547
15546
15543
15538
15537
15535
15534
15532
15530
15528
15527
15525
15524
15523
15522
15519
15518
15515
15512
15510
15508
15507
15504
15499
15498
15492
15491
15490
15486
15483
15482
15479
15478
15477
15473
15472
15470
15469
15467
15466
15465
15464
15463
15462
15460
15458
15456
15455
15453
15450
15449
15448
15446
15444
15442
15441
15438
15437
15436
15429
15428
15420
15418
15417
15415
15408
15406
15405
15404
15403
15402
15401
15400
15397
15394
15391
15389
15388
15385
15382
15375
15374
15372
15370
15367
15365
15362
15358
15357
15354
15352
15351
15350
15348
15347
15344
15342
15337
15336
15333
15332
15330
15328
15327
15325
15323
15321
15318
15316
15311
15304
15303
15302
15300
15294
15293
15292
15291
15289
15286
15285
15284
15283
15280
15275
15274
15273
15271
15270
15266
15262
15260
15259
15257
15256
15254
15253
15251
15250
15248
15247
15246
15242
15241
15240
15236
15235
15233
15232
15231
15230
15228
15227
15224
15220
15217
15212
15206
15205
15204
15203
15202
15201
15200
15199
15195
15194
15192
15191
15190
15189
15187
15185
15183
15180
15179
15178
15177
15168
15164
15163
15151
15150
15148
15146
15142
15138
15135
15134
15130
15129
15128
15127
15124
15118
15112
15111
15110
15109
15104
15103
15101
15100
15097
15095
15094
15093
15092
15091
15090
15088
15087
15086
15081
15080
15079
15076
15069
15066
15065
15062
15061
15060
15058
15055
15052
15051
15050
15049
15046
15040
15039
15038
15037
15035
15034
15033
15030
15029
15025
15023
15021
15019
15018
15017
15016
15011
15006
15003
15002
14996
14995
14993
14992
14991
14988
14987
14986
14985
14983
14981
14980
14977
14975
14974
14972
14969
14966
14964
14963
14960
14959
14957
14956
14954
14953
14947
14946
14944
14943
14942
14939
14938
14937
14935
14934
14932
14930
14929
14926
14924
14923
14921
14919
14917
14916
14915
14914
14911
14910
14906
14905
14904
14903
14898
14897
14896
14895
14894
14887
14884
14883
14881
14880
14878
14877
14875
14874
14871
14866
14864
14863
14859
14858
14857
14851
14850
14849
14848
14847
14845
14844
14843
14842
14833
14831
14827
14823
14822
14820
14818
14816
14814
14813
14811
14807
14806
14805
14803
14802
14801
14800
14799
14798
14795
14794
14793
14792
14791
14790
14788
14787
14781
14780
14778
14777
14774
14772
14770
14769
14765
14763
14762
14758
14757
14755
14754
14752
14751
14750
14749
14747
14743
14741
14739
14738
14737
14736
14734
14733
14732
14729
14728
14727
14725
14724
14722
14719
14713
14711
14709
14707
14704
14703
14702
14700
14699
14696
14695
14691
14689
14683
14681
14680
14678
14676
14675
14673
14672
14670
14669
14666
14662
14661
14660
14658
14656
14655
14651
14649
14646
14643
14642
14640
14635
14634
14632
14631
14629
14627
14624
14623
14622
14618
14615
14614
14613
14610
14609
14607
14605
14603
14600
14599
14598
14595
14594
14590
14589
14588
14586
14584
14579
14577
14575
14574
14571
14570
14565
14563
14562
14561
14560
14558
14557
14556
14547
14545
14544
14539
14537
14536
14532
14531
14530
14524
14523
14520
14519
14512
14511
14506
14503
14502
14493
14492
14491
14490
14489
14485
14484
14483
14480
14478
14476
14475
14469
14468
14465
14464
14461
14456
14455
14453
14452
14450
14447
14441
14439
14438
14437
14433
14432
14431
14428
14427
14426
14425
14423
14422
14421
14420
14419
14418
14416
14415
14414
14410
14406
14404
14399
14398
14396
14394
14393
14391
14389
14386
14385
14383
14382
14381
14379
14377
14376
14374
14373
14372
14370
14368
14364
14363
14361
14360
14356
14355
14353
14352
14351
14349
14347
14345
14344
14343
14339
14337
14336
14333
14331
14330
14329
14327
14326
14325
14324
14323
14322
14321
14319
14314
14312
14309
14306
14304
14303
14302
14301
14299
14297
14296
14295
14294
14291
14288
14287
14283
14282
14280
14278
14276
14274
14273
14268
14267
14263
14260
14258
14257
14253
14252
14251
14249
14248
14247
14246
14243
14242
14241
14238
14237
14234
14233
14232
14231
14230
14229
14227
14226
14225
14224
14221
14218
14217
14215
14212
14211
14210
14208
14207
14206
14205
14200
14199
14194
14193
14192
14191
14189
14186
14185
14184
14180
14179
14176
14174
14173
14171
14170
14169
14165
14162
14160
14155
14154
14153
14149
14146
14140
14137
14133
14132
14131
14130
14129
14124
14123
14118
14117
14116
14114
14113
14112
14108
14107
14105
14104
14103
14102
14101
14100
14099
14095
14094
14090
14088
14087
14083
14082
14080
14079
14077
14075
14069
14067
14064
14062
14061
14060
14058
14056
14055
14054
14053
14049
14043
14041
14040
14038
14033
14029
14027
14026
14023
14021
14020
14019
14018
14017
14015
14010
14006
14004
14001
13996
13993
13992
13990
13989
13985
13983
13982
13981
13980
13979
13977
13974
13968
13965
13964
13963
13961
13959
13958
13953
13951
13950
13949
13948
13946
13940
13939
13938
13937
13936
13933
13932
13925
13924
13922
13921
13920
13918
13917
13914
13911
13910
13909
13908
13906
13903
13902
13900
13898
13897
13896
13895
13894
13893
13892
13890
13888
13887
13886
13879
13878
13877
13876
13875
13872
13871
13868
13863
13862
13859
13858
13856
13854
13852
13851
13848
13847
13845
13844
13843
13842
13840
13837
13836
13835
13833
13831
13828
13826
13824
13820
13819
13814
13813
13810
13809
13802
13797
13796
13795
13794
13790
13787
13784
13783
13781
13769
13767
13764
13762
13761
13757
13754
13753
13751
13750
13744
13742
13740
13739
13738
13736
13735
13734
13733
13732
13731
13726
13725
13720
13718
13717
13716
13714
13709
13708
13704
13703
13702
13701
13697
13692
13691
13689
13688
13685
13684
13682
13672
13670
13668
13667
13665
13664
13660
13659
13652
13651
13649
13647
13643
13641
13640
13638
13637
13636
13635
13632
13626
13623
13620
13619
13618
13617
13615
13614
13611
13608
13607
13606
13604
13602
13598
13595
13591
13590
13589
13585
13584
13583
13582
13581
13579
13576
13573
13568
13567
13566
13565
13564
13560
13558
13557
13556
13555
13549
13548
13547
13543
13542
13540
13538
13536
13535
13533
13531
13530
13527
13525
13524
13522
13518
13516
13515
13514
13513
13512
13511
13510
13509
13505
13502
13496
13493
13492
13490
13489
13488
13487
13486
13485
13482
13481
13478
13477
13475
13474
13472
13466
13465
13463
13462
13460
13455
13454
13453
13452
13451
13450
13449
13448
13443
13442
13441
13433
13432
13431
13430
13425
13419
13418
13417
13415
13411
13410
13409
13407
13405
13404
13403
13402
13401
13399
13398
13397
13394
13392
13391
13388
13386
13385
13384
13383
13378
13377
13376
13375
13374
13372
13371
13370
13368
13366
13364
13363
13361
13358
13357
13356
13355
13354
13352
13347
13345
13340
13337
13335
13334
13333
13332
13331
13330
13329
13328
13327
13326
13325
13321
13320
13319
13317
13316
13315
13313
13312
13310
13308
13306
13305
13302
13301
13300
13299
13298
13297
13296
13295
13294
13292
13291
13290
13289
13288
13287
13286
13285
13284
13282
13281
13279
13278
13277
13276
13274
13273
13272
13270
13268
13267
13266
13265
13262
13259
13258
13254
13253
13251
13249
13248
13247
13245
13244
13243
13239
13237
13235
13233
13231
13230
13226
13222
13221
13219
13218
13217
13216
13213
13211
13210
13208
13205
13204
13203
13202
13201
13199
13198
13197
13195
13193
13191
13190
13188
13187
13186
13182
13181
13180
13178
13176
13175
13174
13172
13169
13166
13165
13163
13159
13157
13156
13154
13153
13152
13149
13145
13142
13140
13139
13138
13136
13133
13132
13131
13129
13127
13124
13122
13121
13120
13119
13116
13113
13112
13111
13108
13107
13106
13105
13099
13098
13094
13093
13092
13087
13086
13082
13081
13080
13079
13078
13076
13075
13073
13071
13069
13067
13066
13065
13064
13062
13061
13060
13059
13058
13057
13056
13055
13051
13050
13049
13048
13043
13042
13041
13040
13039
13038
13035
13034
13032
13031
13026
13025
13022
13021
13017
13016
13015
13014
13013
13010
13007
13006
13005
13001
13000
12997
12996
12991
12990
12989
12984
12983
12982
12981
12980
12979
12975
12973
12972
12971
12970
12968
12967
12966
12964
12963
12961
12957
12954
12952
12951
12950
12947
12946
12944
12943
12942
12940
12939
12934
12933
12932
12931
12928
12927
12925
12924
12922
12920
12912
12910
12909
12906
12904
12903
12902
12899
12897
12896
12895
12894
12892
12891
12889
12888
12887
12886
12883
12879
12878
12877
12876
12874
12871
12870
12868
12865
12860
12859
12857
12856
12855
12854
12853
12851
12850
12849
12848
12847
12846
12843
12838
12837
12834
12833
12832
12831
12830
12826
12825
12823
12822
12819
12816
12815
12813
12811
12809
12807
12806
12803
12802
12800
12799
12796
12791
12788
12785
12784
12782
12780
12779
12776
12775
12774
12773
12768
12765
12764
12762
12761
12760
12757
12756
12755
12754
12752
12751
12750
12749
12747
12742
12739
12738
12737
12735
12733
12731
12730
12729
12728
12727
12725
12714
12712
12708
12707
12705
12704
12703
12702
12697
12696
12693
12687
12686
12683
12682
12678
12676
12675
12674
12670
12669
12666
12664
12662
12661
12660
12657
12656
12655
12654
12651
12649
12648
12647
12646
12645
12643
12641
12639
12638
12636
12635
12634
12632
12630
12628
12627
12626
12624
12623
12622
12621
12618
12615
12613
12611
12609
12606
12604
12603
12602
12601
12598
12594
12583
12582
12579
12577
12572
12571
12569
12568
12565
12560
12557
12556
12555
12553
12552
12550
12545
12543
12542
12541
12540
12539
12538
12537
12534
12533
12530
12527
12523
12519
12517
12515
12514
12513
12508
12503
12502
12501
12500
12499
12496
12494
12493
12492
12491
12489
12488
12486
12484
12481
12480
12479
12478
12467
12465
12464
12463
12462
12461
12458
12456
12455
12454
12453
12452
12451
12449
12448
12445
12443
12440
12435
12433
12430
12429
12427
12426
12422
12421
12417
12416
12413
12410
12409
12407
12406
12405
12404
12402
12401
12400
12398
12397
12394
12389
12388
12383
12382
12381
12377
12374
12367
12365
12364
12363
12360
12357
12350
12346
12341
12339
12338
12336
12335
12334
12333
12331
12327
12325
12318
12315
12313
12312
12310
12309
12308
12307
12306
12305
12304
12302
12301
12300
12298
12297
12295
12294
12290
12289
12287
12286
12285
12284
12282
12281
12280
12279
12276
12275
12273
12271
12268
12266
12259
12257
12256
12255
12253
12251
12250
12247
12244
12243
12242
12241
12240
12237
12236
12235
12229
12226
12224
12223
12222
12221
12215
12211
12210
12209
12207
12205
12204
12202
12201
12199
12198
12196
12194
12193
12190
12186
12183
12181
12180
12178
12175
12173
12168
12167
12159
12158
12157
12156
12153
12150
12148
12147
12145
12142
12138
12130
12125
12123
12121
12120
12118
12110
12109
12108
12105
12104
12102
12100
12099
12096
12095
12094
12092
12091
12089
12085
12084
12082
12080
12077
12075
12073
12072
12068
12067
12066
12063
12062
12061
12060
12059
12058
12057
12056
12055
12054
12053
12049
12047
12045
12043
12042
12041
12040
12039
12037
12036
12035
12033
12032
12030
12027
12026
12022
12019
12018
12014
12013
12011
12003
12002
12000
11998
11997
11996
11993
11991
11988
11987
11985
11984
11983
11982
11975
11973
11972
11971
11970
11969
11967
11966
11965
11964
11963
11962
11959
11958
11957
11956
11955
11954
11953
11952
11946
11942
11936
11935
11934
11932
11930
11926
11923
11918
11916
11915
11914
11913
11911
11906
11904
11903
11902
11900
11899
11895
11894
11892
11891
11890
11889
11886
11885
11884
11883
11882
11879
11878
11876
11875
11874
11872
11871
11867
11864
11862
11861
11860
11854
11852
11848
11847
11845
11833
11828
11827
11824
11820
11816
11814
11812
11811
11810
11807
11803
11800
11794
11792
11790
11789
11788
11787
11786
11785
11783
11782
11781
11779
11774
11773
11772
11771
11769
11765
11763
11759
11757
11755
11754
11753
11749
11748
11746
11745
11742
11739
11737
11735
11733
11731
11729
11726
11722
11721
11717
11716
11715
11714
11712
11710
11709
11708
11707
11706
11703
11701
11699
11698
11696
11694
11689
11687
11686
11685
11682
11681
11680
11678
11676
11675
11674
11673
11671
11668
11667
11666
11664
11662
11660
11659
11658
11657
11655
11653
11652
11650
11648
11646
11640
11639
11635
11633
11632
11631
11627
11625
11622
11620
11617
11616
11613
11611
11608
11605
11604
11603
11598
11597
11595
11594
11587
11586
11585
11583
11581
11580
11578
11575
11572
11571
11568
11567
11564
11561
11560
11558
11557
11556
11554
11553
11551
11549
11548
11546
11544
11543
11542
11540
11538
11536
11535
11534
11532
11531
11528
11527
11525
11524
11523
11522
11519
11517
11514
11512
11511
11509
11506
11505
11504
11503
11501
11498
11497
11496
11494
11491
11489
11487
11485
11484
11481
11480
11479
11478
11476
11474
11470
11469
11468
11467
11466
11465
11463
11461
11460
11454
11453
11451
11449
11448
11447
11444
11443
11441
11440
11438
11436
11434
11433
11430
11428
11426
11425
11422
11421
11419
11418
11417
11416
11414
11413
11412
11409
11408
11407
11406
11404
11403
11398
11395
11392
11388
11386
11383
11381
11378
11375
11373
11372
11371
11370
11362
11360
11354
11353
11349
11348
11346
11343
11342
11339
11337
11335
11332
11331
11329
11328
11327
11324
11322
11321
11320
11318
11316
11314
11313
11310
11309
11308
11307
11305
11303
11302
11299
11297
11293
11292
11291
11286
11285
11284
11279
11278
11273
11272
11271
11270
11269
11265
11263
11262
11259
11258
11256
11255
11252
11251
11248
11244
11243
11242
11241
11239
11237
11236
11231
11229
11228
11227
11226
11225
11224
11222
11220
11217
11216
11215
11214
11210
11204
11203
11199
11194
11192
11191
11185
11184
11182
11179
11177
11176
11175
11173
11172
11171
11169
11168
11167
11166
11164
11163
11162
11161
11160
11159
11158
11156
11150
11148
11147
11146
11142
11140
11137
11134
11126
11125
11122
11121
11120
11119
11114
11111
11110
11108
11106
11104
11103
11102
11101
11099
11097
11096
11095
11090
11086
11083
11082
11081
11076
11074
11073
11071
11070
11068
11065
11063
11062
11061
11060
11058
11057
11049
11047
11046
11044
11043
11040
11039
11036
11035
11031
11030
11022
11021
11020
11019
11018
11017
11009
11007
11006
11004
11003
11000
10997
10994
10992
10991
10989
10987
10986
10984
10982
10980
10979
10975
10974
10970
10968
10966
10963
10959
10958
10957
10946
10945
10942
10938
10937
10936
10935
10929
10928
10925
10924
10918
10917
10916
10915
10913
10910
10907
10905
10903
10902
10901
10900
10897
10893
10892
10890
10888
10877
10875
10873
10872
10870
10869
10866
10865
10863
10862
10860
10858
10857
10856
10855
10854
10853
10850
10849
10848
10847
10846
10842
10837
10835
10834
10831
10825
10824
10821
10820
10818
10817
10816
10814
10811
10809
10808
10805
10804
10803
10802
10801
10800
10798
10795
10794
10792
10791
10790
10784
10783
10781
10779
10774
10773
10772
10771
10769
10766
10765
10762
10760
10758
10755
10754
10752
10751
10750
10749
10747
10744
10743
10740
10739
10735
10734
10731
10730
10729
10724
10721
10720
10719
10718
10714
10711
10708
10707
10706
10705
10704
10702
10701
10700
10699
10697
10696
10693
10691
10690
10687
10685
10684
10682
10681
10675
10674
10673
10672
10670
10663
10661
10660
10657
10656
10655
10654
10651
10650
10649
10647
10646
10645
10642
10641
10640
10638
10636
10633
10632
10628
10625
10624
10623
10622
10617
10616
10614
10611
10607
10606
10604
10603
10602
10601
10600
10598
10595
10593
10592
10585
10581
10580
10578
10575
10572
10571
10570
10569
10566
10563
10561
10560
10557
10556
10555
10554
10551
10550
10549
10545
10544
10543
10538
10536
10535
10532
10531
10530
10527
10526
10525
10523
10521
10520
10519
10518
10517
10516
10515
10514
10511
10508
10506
10505
10499
10497
10496
10492
10491
10488
10487
10486
10484
10483
10482
10477
10475
10474
10472
10469
10467
10465
10464
10462
10461
10460
10459
10458
10456
10453
10450
10448
10447
10445
10443
10440
10439
10438
10437
10436
10435
10433
10432
10431
10429
10426
10424
10422
10415
10414
10413
10412
10411
10408
10399
10398
10395
10391
10387
10386
10385
10384
10383
10382
10381
10380
10379
10378
10377
10375
10374
10372
10371
10370
10367
10364
10361
10358
10357
10356
10352
10349
10348
10344
10342
10338
10333
10331
10330
10329
10328
10327
10326
10324
10323
10322
10317
10316
10314
10312
10310
10305
10303
10301
10300
10299
10298
10297
10294
10292
10289
10287
10286
10285
10283
10281
10280
10278
10277
10274
10273
10271
10268
10266
10263
10260
10259
10258
10256
10255
10254
10252
10250
10245
10243
10235
10234
10233
10229
10226
10222
10221
10220
10218
10216
10215
10214
10213
10211
10208
10207
10206
10205
10203
10201
10200
10198
10197
10195
10191
10188
10187
10186
10185
10184
10181
10180
10179
10178
10177
10176
10175
10174
10172
10170
10168
10165
10164
10163
10157
10156
10151
10148
10146
10145
10144
10143
10142
10141
10139
10138
10135
10133
10129
10126
10123
10122
10121
10120
10119
10117
10115
10113
10112
10110
10109
10108
10106
10104
10102
10098
10097
10095
10094
10090
10088
10086
10083
10081
10078
10076
10075
10074
10073
10072
10071
10068
10067
10063
10062
10060
10059
10053
10052
10050
10047
10046
10045
10042
10040
10038
10037
10036
10034
10032
10029
10028
10026
10021
10017
10016
10014
10011
10009
10008
10007
10006
10004
10002
10001
10000
9998
9994
9993
9991
9987
9986
9985
9984
9982
9978
9975
9973
9971
9970
9966
9965
9964
9961
9959
9955
9951
9948
9947
9946
9942
9941
9938
9937
9934
9932
9930
9929
9927
9924
9922
9920
9917
9916
9914
9913
9912
9910
9909
9903
9900
9899
9898
9897
9895
9893
9892
9890
9888
9886
9885
9884
9881
9879
9875
9874
9871
9869
9867
9866
9863
9858
9857
9855
9854
9853
9852
9851
9846
9845
9840
9838
9836
9835
9830
9827
9824
9821
9820
9819
9818
9817
9810
9809
9807
9806
9805
9804
9799
9798
9797
9795
9794
9792
9790
9789
9788
9787
9786
9782
9781
9780
9778
9777
9774
9771
9768
9767
9765
9763
9762
9761
9759
9756
9755
9752
9750
9749
9748
9744
9743
9740
9739
9738
9736
9733
9729
9726
9725
9724
9723
9722
9719
9718
9717
9716
9715
9714
9713
9712
9709
9708
9707
9705
9703
9701
9700
9698
9695
9691
9690
9688
9686
9685
9682
9681
9680
9679
9676
9675
9674
9672
9669
9665
9664
9662
9660
9659
9658
9656
9655
9654
9651
9650
9648
9647
9645
9643
9641
9640
9637
9636
9632
9629
9625
9622
9621
9620
9618
9617
9616
9614
9613
9612
9608
9607
9606
9605
9604
9602
9599
9595
9594
9593
9592
9590
9589
9588
9583
9582
9581
9575
9571
9569
9567
9566
9564
9563
9562
9559
9558
9556
9554
9551
9550
9549
9548
9544
9541
9540
9537
9535
9534
9533
9532
9530
9529
9526
9525
9524
9523
9521
9520
9519
9518
9517
9516
9515
9512
9510
9505
9503
9502
9501
9500
9498
9497
9487
9486
9483
9482
9481
9479
9477
9474
9473
9469
9467
9464
9461
9460
9459
9458
9457
9456
9455
9454
9451
9450
9447
9446
9444
9441
9439
9432
9430
9429
9428
9427
9426
9425
9423
9422
9419
9415
9413
9410
9409
9407
9406
9405
9404
9403
9398
9395
9394
9391
9389
9388
9386
9383
9381
9380
9379
9376
9374
9373
9371
9367
9366
9363
9362
9361
9360
9357
9356
9355
9353
9350
9344
9342
9339
9338
9337
9335
9332
9328
9327
9326
9323
9319
9317
9316
9315
9313
9310
9309
9308
9306
9304
9303
9301
9300
9299
9297
9296
9291
9286
9285
9282
9281
9279
9277
9274
9271
9270
9269
9268
9267
9264
9261
9260
9259
9258
9255
9254
9253
9251
9245
9244
9240
9238
9236
9235
9233
9225
9224
9222
9221
9220
9217
9216
9215
9214
9212
9209
9201
9199
9194
9190
9189
9188
9186
9182
9181
9180
9179
9175
9170
9169
9167
9162
9161
9160
9159
9157
9156
9155
9154
9153
9152
9151
9150
9146
9145
9144
9143
9140
9138
9137
9135
9134
9132
9126
9122
9121
9112
9110
9108
9104
9102
9099
9096
9094
9093
9092
9089
9088
9086
9085
9084
9083
9079
9077
9076
9074
9072
9070
9062
9060
9059
9058
9055
9051
9048
9045
9042
9041
9040
9031
9029
9028
9026
9024
9017
9016
9015
9013
9011
9008
9007
9006
9005
9004
9003
9002
9000
8996
8992
8991
8990
8989
8987
8986
8984
8983
8982
8981
8979
8976
8970
8969
8962
8960
8958
8957
8955
8954
8953
8947
8946
8944
8940
8939
8937
8934
8933
8931
8930
8929
8926
8925
8915
8912
8906
8905
8904
8903
8902
8900
8894
8893
8892
8889
8885
8884
8883
8882
8876
8875
8874
8872
8870
8869
8866
8864
8863
8861
8860
8856
8855
8853
8847
8846
8843
8840
8839
8837
8835
8834
8833
8832
8828
8827
8825
8814
8810
8809
8806
8804
8798
8795
8793
8792
8788
8787
8786
8784
8783
8782
8779
8777
8776
8774
8772
8770
8769
8767
8766
8765
8764
8763
8761
8757
8755
8753
8748
8744
8743
8742
8739
8737
8734
8732
8731
8730
8729
8725
8719
8714
8711
8708
8706
8705
8704
8703
8698
8697
8694
8692
8688
8686
8678
8675
8673
8672
8671
8670
8667
8666
8663
8662
8661
8660
8659
8658
8657
8656
8654
8652
8650
8647
8645
8643
8641
8639
8637
8634
8633
8632
8630
8628
8627
8624
8622
8621
8619
8617
8615
8612
8609
8605
8604
8603
8602
8601
8600
8598
8595
8594
8585
8583
8582
8581
8580
8579
8577
8575
8571
8570
8566
8563
8560
8559
8557
8554
8551
8549
8544
8543
8540
8539
8537
8534
8533
8532
8524
8518
8517
8516
8514
8513
8512
8511
8510
8508
8507
8505
8503
8499
8498
8496
8493
8492
8491
8490
8486
8485
8481
8479
8477
8476
8473
8471
8468
8467
8466
8465
8463
8462
8461
8460
8458
8457
8452
8451
8449
8447
8445
8444
8442
8440
8438
8437
8435
8434
8433
8432
8430
8429
8427
8424
8421
8420
8419
8418
8417
8415
8414
8409
8408
8405
8404
8402
8401
8399
8392
8391
8390
8389
8382
8381
8378
8376
8375
8373
8370
8368
8367
8361
8360
8359
8358
8357
8356
8355
8352
8351
8350
8348
8347
8346
8343
8342
8340
8338
8337
8335
8334
8332
8330
8329
8328
8327
8326
8324
8323
8321
8314
8313
8311
8306
8305
8303
8301
8298
8296
8293
8291
8289
8288
8287
8284
8283
8280
8279
8278
8276
8274
8271
8270
8266
8259
8257
8255
8253
8252
8251
8249
8247
8244
8241
8240
8237
8236
8235
8234
8233
8232
8231
8228
8225
8224
8223
8221
8218
8216
8213
8212
8209
8208
8206
8202
8201
8199
8197
8196
8193
8191
8190
8189
8186
8184
8183
8181
8178
8177
8176
8173
8172
8168
8166
8165
8164
8162
8159
8158
8156
8155
8153
8150
8146
8142
8140
8138
8136
8135
8133
8132
8130
8129
8125
8124
8121
8119
8118
8117
8114
8113
8109
8108
8106
8105
8104
8103
8099
8094
8093
8092
8091
8090
8089
8088
8085
8084
8083
8082
8079
8077
8076
8075
8072
8070
8069
8068
8067
8066
8063
8062
8061
8060
8059
8058
8054
8052
8051
8047
8046
8045
8043
8041
8039
8038
8035
8032
8029
8026
8025
8023
8022
8020
8019
8017
8016
8015
8014
8013
8012
8011
8008
8007
8003
8002
8001
8000
7997
7996
7994
7990
7987
7986
7985
7984
7983
7980
7979
7976
7975
7974
7969
7968
7964
7963
7962
7961
7960
7959
7956
7955
7954
7953
7951
7947
7946
7945
7943
7942
7936
7934
7932
7931
7929
7928
7927
7925
7924
7923
7922
7919
7918
7916
7915
7914
7911
7910
7909
7905
7904
7895
7892
7889
7888
7887
7885
7883
7882
7881
7880
7879
7875
7871
7870
7868
7865
7864
7860
7856
7853
7852
7851
7849
7848
7845
7844
7843
7842
7841
7832
7831
7829
7826
7825
7824
7823
7822
7819
7818
7817
7815
7810
7809
7804
7803
7802
7800
7799
7797
7795
7793
7790
7787
7786
7785
7782
7780
7778
7777
7775
7772
7771
7770
7768
7767
7764
7763
7761
7758
7753
7752
7747
7746
7743
7742
7739
7738
7737
7735
7733
7729
7727
7723
7720
7714
7713
7712
7711
7710
7703
7702
7701
7700
7695
7694
7693
7687
7685
7682
7677
7676
7675
7674
7673
7672
7671
7670
7668
7665
7661
7658
7657
7655
7654
7652
7651
7650
7647
7646
7645
7641
7638
7633
7632
7630
7624
7623
7622
7621
7620
7619
7617
7613
7612
7608
7606
7605
7604
7603
7602
7601
7600
7599
7598
7597
7596
7595
7591
7590
7589
7588
7587
7586
7585
7580
7576
7575
7572
7569
7568
7565
7564
7563
7559
7556
7554
7551
7547
7545
7542
7540
7536
7534
7533
7532
7531
7530
7529
7527
7526
7525
7524
7522
7521
7519
7518
7517
7515
7514
7512
7511
7510
7507
7504
7501
7496
7495
7494
7493
7485
7484
7483
7482
7476
7473
7472
7467
7464
7463
7462
7460
7459
7456
7453
7452
7451
7449
7446
7444
7442
7439
7438
7437
7435
7434
7432
7430
7429
7427
7426
7425
7424
7422
7420
7419
7418
7413
7412
7411
7409
7408
7405
7404
7402
7400
7399
7398
7397
7396
7394
7392
7389
7387
7382
7381
7379
7377
7375
7374
7370
7364
7363
7361
7360
7359
7355
7354
7353
7352
7347
7345
7344
7341
7340
7336
7335
7334
7331
7330
7327
7326
7325
7324
7323
7318
7316
7307
7306
7305
7302
7301
7295
7294
7292
7290
7288
7287
7285
7284
7282
7280
7276
7272
7271
7269
7268
7266
7263
7261
7259
7258
7254
7252
7251
7250
7249
7248
7247
7246
7244
7242
7241
7239
7238
7236
7231
7230
7226
7225
7223
7222
7220
7219
7217
7216
7213
7212
7211
7209
7208
7207
7206
7204
7203
7202
7201
7197
7196
7193
7192
7189
7188
7186
7183
7182
7181
7180
7179
7178
7175
7170
7168
7167
7166
7165
7161
7159
7158
7150
7149
7147
7145
7144
7143
7142
7138
7137
7136
7131
7130
7126
7125
7124
7121
7118
7117
7115
7114
7112
7110
7109
7108
7104
7103
7102
7097
7096
7095
7093
7091
7088
7087
7086
7083
7082
7079
7078
7075
7074
7072
7070
7069
7057
7056
7053
7051
7049
7048
7044
7043
7042
7041
7040
7039
7038
7037
7036
7035
7034
7032
7031
7030
7028
7027
7026
7024
7019
7016
7014
7012
7011
7010
7007
7006
7004
7003
7002
6999
6998
6996
6995
6994
6992
6991
6984
6982
6979
6978
6976
6973
6970
6968
6965
6964
6962
6961
6960
6953
6952
6950
6949
6946
6945
6944
6943
6940
6938
6937
6936
6934
6933
6932
6931
6930
6928
6926
6925
6920
6917
6916
6914
6912
6911
6909
6907
6905
6904
6898
6893
6892
6891
6890
6889
6888
6887
6886
6885
6882
6880
6878
6875
6874
6870
6869
6867
6866
6865
6864
6863
6860
6859
6858
6857
6856
6855
6853
6852
6851
6850
6847
6846
6845
6844
6842
6839
6833
6831
6830
6829
6827
6825
6824
6823
6822
6820
6819
6818
6817
6816
6814
6810
6809
6807
6805
6804
6801
6799
6788
6787
6783
6781
6777
6773
6769
6765
6759
6753
6751
6750
6749
6748
6747
6744
6743
6742
6740
6739
6737
6735
6732
6731
6728
6725
6724
6723
6718
6717
6716
6714
6713
6712
6711
6709
6707
6706
6704
6700
6698
6697
6696
6693
6692
6691
6690
6689
6688
6687
6683
6682
6681
6680
6679
6678
6676
6675
6673
6672
6671
6670
6668
6667
6666
6663
6662
6661
6660
6658
6656
6654
6652
6651
6647
6646
6645
6644
6643
6642
6637
6635
6633
6631
6630
6628
6627
6625
6622
6619
6618
6617
6616
6615
6605
6602
6600
6599
6596
6595
6594
6589
6588
6587
6581
6580
6579
6577
6575
6574
6573
6571
6569
6568
6567
6563
6562
6561
6560
6559
6558
6557
6555
6553
6551
6544
6542
6540
6539
6536
6533
6531
6530
6529
6527
6526
6524
6522
6521
6519
6516
6515
6513
6508
6505
6504
6503
6501
6496
6495
6493
6492
6491
6490
6488
6487
6485
6483
6481
6480
6478
6476
6475
6474
6471
6466
6464
6461
6459
6454
6451
6449
6448
6447
6446
6444
6442
6434
6432
6430
6426
6418
6417
6407
6406
6404
6402
6395
6390
6389
6388
6387
6383
6382
6380
6379
6377
6375
6369
6368
6366
6362
6361
6360
6357
6354
6352
6351
6348
6347
6345
6341
6336
6335
6333
6332
6330
6328
6326
6320
6314
6313
6311
6309
6308
6307
6303
6300
6296
6295
6292
6291
6288
6287
6285
6283
6282
6281
6280
6278
6274
6272
6270
6267
6266
6265
6264
6262
6259
6258
6256
6255
6250
6248
6246
6240
6237
6233
6232
6227
6224
6220
6218
6217
6216
6215
6214
6212
6211
6209
6208
6205
6204
6203
6201
6200
6199
6196
6195
6194
6193
6191
6188
6186
6183
6182
6181
6180
6179
6177
6175
6174
6172
6171
6170
6169
6166
6165
6162
6161
6160
6154
6150
6149
6148
6147
6145
6143
6140
6139
6138
6135
6134
6126
6121
6120
6119
6116
6115
6113
6112
6109
6108
6107
6106
6105
6104
6101
6100
6097
6095
6094
6089
6088
6087
6085
6084
6083
6081
6079
6077
6075
6074
6072
6071
6069
6068
6067
6066
6063
6062
6061
6060
6057
6055
6054
6051
6050
6049
6048
6046
6044
6043
6042
6041
6040
6039
6036
6034
6033
6032
6031
6030
6027
6026
6023
6020
6019
6018
6017
6016
6012
6011
6009
6006
6004
6002
5999
5996
5993
5991
5985
5979
5975
5973
5971
5970
5968
5966
5965
5964
5963
5960
5959
5956
5951
5950
5948
5947
5946
5945
5942
5940
5936
5935
5933
5929
5928
5927
5922
5917
5916
5915
5912
5910
5908
5905
5904
5903
5902
5898
5896
5895
5894
5893
5890
5886
5884
5883
5882
5881
5878
5877
5875
5873
5872
5870
5866
5865
5864
5862
5857
5855
5850
5848
5847
5846
5842
5841
5840
5838
5836
5832
5831
5829
5827
5821
5819
5818
5817
5816
5814
5812
5809
5806
5805
5804
5803
5801
5800
5796
5795
5794
5791
5789
5788
5787
5785
5780
5779
5777
5775
5774
5772
5771
5770
5769
5768
5767
5764
5762
5760
5759
5758
5757
5756
5754
5751
5750
5747
5742
5739
5738
5735
5734
5732
5729
5722
5719
5718
5717
5712
5709
5708
5704
5703
5699
5698
5696
5695
5692
5689
5686
5685
5684
5683
5681
5680
5678
5677
5676
5670
5669
5668
5667
5664
5663
5661
5659
5658
5656
5653
5649
5642
5641
5638
5637
5636
5634
5632
5631
5628
5623
5618
5615
5611
5610
5608
5607
5606
5604
5603
5601
5600
5599
5595
5593
5592
5591
5590
5589
5586
5579
5578
5577
5576
5573
5570
5568
5566
5565
5564
5563
5562
5556
5555
5554
5553
5552
5546
5544
5542
5541
5532
5529
5524
5519
5515
5511
5509
5508
5507
5504
5503
5502
5500
5496
5492
5489
5488
5487
5486
5485
5484
5483
5481
5478
5475
5474
5472
5471
5470
5467
5465
5460
5457
5455
5453
5452
5450
5449
5448
5445
5444
5443
5442
5440
5435
5433
5430
5429
5427
5425
5423
5422
5419
5412
5410
5406
5405
5404
5403
5397
5396
5395
5393
5392
5390
5388
5387
5384
5382
5381
5379
5376
5375
5374
5373
5372
5371
5368
5367
5366
5364
5363
5362
5360
5357
5354
5353
5352
5351
5350
5346
5345
5343
5342
5341
5334
5332
5328
5326
5323
5322
5320
5319
5316
5315
5310
5308
5306
5305
5302
5300
5299
5297
5292
5291
5286
5285
5281
5280
5278
5277
5276
5272
5271
5267
5266
5263
5262
5261
5260
5256
5255
5254
5253
5249
5245
5244
5242
5241
5234
5233
5232
5230
5228
5225
5224
5221
5219
5217
5216
5215
5214
5210
5209
5205
5204
5200
5199
5198
5197
5194
5189
5188
5184
5182
5179
5176
5174
5173
5171
5166
5163
5162
5161
5158
5156
5155
5154
5153
5151
5150
5145
5144
5140
5138
5134
5132
5131
5130
5129
5127
5124
5123
5121
5113
5111
5110
5108
5107
5106
5105
5100
5098
5097
5095
5094
5092
5090
5088
5083
5082
5080
5076
5073
5072
5071
5069
5066
5065
5064
5063
5062
5061
5059
5058
5056
5053
5052
5050
5048
5046
5045
5044
5043
5041
5039
5034
5031
5030
5026
5025
5024
5023
5021
5020
5019
5018
5017
5016
5013
5010
5008
5006
5004
5002
5001
5000
4999
4995
4994
4993
4992
4991
4990
4989
4981
4980
4979
4978
4977
4974
4973
4967
4965
4964
4963
4962
4957
4956
4955
4954
4951
4948
4947
4945
4944
4943
4942
4940
4939
4938
4934
4933
4932
4931
4930
4928
4927
4926
4925
4924
4922
4916
4915
4912
4911
4910
4906
4905
4904
4902
4899
4889
4888
4887
4886
4885
4884
4883
4882
4881
4877
4876
4875
4874
4872
4868
4866
4861
4858
4857
4852
4850
4848
4847
4845
4844
4843
4842
4841
4840
4839
4836
4835
4834
4833
4832
4830
4829
4828
4827
4825
4824
4819
4816
4815
4813
4812
4810
4808
4807
4804
4802
4801
4800
4798
4795
4794
4791
4787
4786
4783
4778
4777
4774
4772
4771
4767
4766
4765
4764
4760
4759
4758
4756
4755
4753
4748
4745
4743
4739
4733
4730
4729
4728
4727
4725
4724
4723
4722
4717
4716
4714
4712
4711
4708
4707
4705
4704
4703
4700
4697
4696
4694
4693
4691
4690
4689
4688
4684
4683
4682
4681
4678
4677
4676
4675
4673
4672
4671
4670
4669
4667
4666
4665
4663
4661
4659
4656
4655
4653
4649
4648
4647
4645
4644
4643
4633
4632
4631
4630
4628
4627
4625
4624
4621
4617
4615
4610
4606
4605
4604
4602
4601
4598
4597
4596
4591
4590
4588
4587
4586
4582
4580
4579
4577
4573
4572
4568
4565
4562
4561
4560
4559
4556
4555
4553
4552
4547
4544
4543
4542
4541
4539
4537
4536
4534
4533
4532
4531
4530
4529
4524
4522
4520
4519
4518
4515
4513
4511
4510
4509
4506
4505
4500
4498
4497
4496
4493
4492
4490
4489
4488
4485
4484
4480
4479
4476
4475
4474
4472
4471
4468
4467
4464
4463
4460
4459
4457
4454
4452
4451
4448
4447
4444
4442
4441
4439
4438
4436
4434
4432
4430
4428
4425
4424
4423
4422
4421
4419
4418
4416
4415
4414
4409
4408
4407
4406
4405
4402
4399
4397
4395
4393
4392
4389
4387
4385
4384
4382
4379
4378
4373
4370
4369
4368
4361
4360
4359
4357
4356
4353
4351
4347
4346
4345
4340
4338
4335
4333
4331
4329
4326
4324
4323
4320
4319
4317
4316
4313
4312
4311
4309
4307
4305
4304
4300
4298
4296
4289
4281
4280
4278
4277
4275
4274
4273
4270
4268
4267
4258
4257
4255
4254
4253
4252
4249
4245
4244
4243
4239
4238
4237
4235
4234
4233
4225
4224
4221
4220
4218
4217
4213
4211
4210
4209
4207
4206
4205
4204
4202
4198
4197
4196
4194
4192
4191
4189
4188
4184
4183
4178
4176
4175
4172
4171
4167
4166
4165
4164
4163
4162
4161
4155
4153
4151
4150
4148
4145
4143
4142
4141
4139
4137
4136
4133
4132
4131
4130
4129
4126
4125
4124
4122
4121
4120
4118
4116
4113
4112
4110
4109
4108
4107
4106
4105
4101
4100
4095
4091
4087
4086
4084
4082
4079
4078
4077
4076
4074
4072
4071
4070
4064
4063
4061
4060
4059
4049
4048
4045
4044
4042
4041
4039
4038
4037
4034
4031
4029
4028
4025
4021
4020
4018
4016
4012
4011
4010
4009
4002
4000
3997
3992
3987
3986
3985
3979
3978
3977
3975
3974
3973
3969
3968
3967
3964
3961
3956
3955
3954
3950
3949
3947
3946
3942
3940
3939
3934
3933
3932
3931
3930
3929
3927
3925
3923
3921
3920
3919
3918
3914
3913
3911
3907
3906
3905
3902
3901
3900
3899
3898
3897
3893
3892
3891
3890
3889
3887
3886
3885
3884
3883
3882
3880
3877
3868
3867
3866
3863
3860
3857
3852
3850
3849
3848
3847
3846
3845
3844
3842
3840
3839
3836
3832
3829
3827
3823
3822
3819
3817
3815
3811
3809
3807
3805
3802
3801
3797
3795
3794
3792
3791
3790
3789
3788
3786
3784
3783
3782
3781
3776
3775
3772
3770
3769
3765
3764
3763
3762
3761
3759
3758
3757
3756
3755
3754
3753
3751
3750
3748
3746
3744
3743
3741
3740
3739
3737
3735
3734
3732
3728
3727
3724
3722
3721
3715
3714
3713
3711
3707
3706
3704
3703
3702
3701
3696
3695
3687
3686
3683
3680
3678
3676
3675
3673
3672
3671
3669
3668
3667
3665
3662
3661
3660
3658
3655
3653
3652
3649
3646
3645
3644
3643
3642
3639
3637
3636
3635
3630
3627
3622
3620
3619
3618
3617
3616
3615
3614
3613
3611
3609
3601
3597
3596
3594
3593
3592
3591
3588
3585
3584
3583
3582
3580
3579
3576
3573
3572
3571
3567
3565
3564
3563
3561
3560
3556
3550
3548
3547
3543
3542
3541
3540
3538
3536
3535
3532
3529
3528
3526
3524
3521
3519
3515
3513
3512
3511
3510
3509
3507
3505
3504
3503
3502
3500
3499
3498
3496
3494
3488
3487
3485
3484
3482
3480
3479
3478
3476
3471
3469
3467
3464
3463
3462
3460
3457
3456
3455
3452
3450
3446
3445
3444
3443
3442
3441
3438
3436
3434
3433
3432
3429
3428
3427
3424
3423
3422
3421
3420
3418
3413
3412
3411
3410
3409
3404
3403
3402
3401
3398
3396
3394
3393
3391
3390
3387
3386
3380
3379
3378
3372
3371
3370
3369
3368
3364
3362
3360
3355
3354
3353
3352
3351
3350
3347
3341
3340
3339
3338
3336
3333
3331
3330
3328
3325
3323
3321
3320
3318
3314
3313
3312
3311
3309
3307
3305
3304
3303
3302
3301
3300
3299
3296
3295
3294
3293
3292
3291
3290
3289
3286
3285
3284
3282
3281
3277
3276
3272
3271
3270
3268
3267
3264
3263
3262
3261
3259
3258
3256
3253
3251
3250
3248
3245
3244
3242
3239
3238
3236
3235
3232
3229
3227
3226
3221
3220
3218
3214
3212
3211
3209
3208
3199
3197
3196
3195
3190
3186
3184
3182
3181
3180
3179
3178
3175
3173
3172
3170
3168
3162
3160
3154
3150
3149
3148
3144
3140
3139
3138
3137
3134
3131
3130
3129
3128
3127
3123
3122
3120
3116
3114
3113
3112
3111
3109
3108
3106
3104
3103
3101
3099
3096
3095
3092
3090
3089
3086
3083
3081
3080
3078
3077
3074
3073
3072
3071
3070
3069
3067
3064
3060
3058
3057
3056
3049
3046
3045
3043
3042
3041
3037
3036
3034
3033
3031
3030
3027
3023
3022
3021
3020
3019
3018
3014
3013
3012
3007
3006
3003
3002
3001
2997
2996
2993
2992
2985
2984
2983
2982
2981
2980
2978
2975
2974
2973
2968
2964
2963
2962
2960
2959
2958
2956
2952
2950
2949
2948
2947
2946
2942
2940
2937
2936
2934
2931
2930
2928
2921
2918
2915
2910
2909
2908
2904
2903
2902
2901
2897
2896
2895
2893
2891
2889
2888
2886
2884
2883
2880
2877
2875
2873
2871
2870
2869
2867
2865
2864
2863
2861
2860
2859
2857
2855
2849
2848
2847
2843
2841
2838
2836
2834
2833
2832
2831
2829
2828
2827
2821
2819
2818
2816
2807
2806
2805
2804
2800
2798
2797
2794
2793
2792
2790
2786
2783
2780
2777
2776
2774
2773
2771
2770
2769
2767
2766
2760
2759
2758
2757
2752
2751
2750
2748
2747
2745
2743
2742
2740
2739
2736
2735
2734
2733
2732
2730
2728
2724
2720
2716
2714
2713
2712
2711
2708
2707
2706
2705
2704
2700
2699
2695
2694
2693
2692
2691
2690
2688
2684
2682
2681
2674
2672
2671
2670
2669
2664
2655
2653
2652
2650
2645
2640
2635
2634
2633
2628
2624
2623
2622
2621
2617
2616
2613
2607
2606
2605
2603
2599
2597
2596
2595
2594
2593
2591
2590
2589
2587
2583
2582
2581
2572
2571
2568
2567
2564
2563
2558
2552
2551
2550
2549
2547
2546
2543
2539
2537
2533
2531
2529
2526
2525
2524
2521
2520
2518
2515
2514
2513
2512
2511
2506
2505
2501
2500
2497
2494
2491
2490
2485
2484
2483
2482
2480
2479
2478
2477
2476
2474
2473
2472
2471
2463
2459
2458
2457
2456
2455
2454
2452
2450
2445
2442
2440
2437
2434
2433
2432
2431
2427
2425
2424
2421
2419
2418
2417
2414
2413
2412
2411
2407
2403
2401
2399
2395
2392
2390
2388
2386
2385
2383
2379
2378
2376
2375
2371
2368
2367
2366
2364
2363
2362
2357
2352
2351
2350
2347
2346
2344
2341
2339
2337
2336
2332
2331
2329
2328
2327
2326
2325
2324
2322
2321
2317
2316
2312
2311
2310
2309
2306
2297
2296
2294
2293
2292
2285
2282
2281
2280
2276
2272
2266
2264
2263
2262
2261
2258
2257
2255
2254
2253
2245
2243
2240
2239
2237
2235
2234
2233
2232
2226
2225
2223
2222
2220
2219
2216
2215
2209
2208
2207
2203
2201
2199
2197
2196
2194
2189
2188
2187
2185
2184
2183
2180
2175
2173
2170
2166
2163
2162
2160
2159
2158
2157
2153
2151
2150
2149
2146
2144
2141
2140
2139
2138
2133
2132
2131
2129
2126
2125
2124
2120
2119
2117
2111
2107
2106
2105
2103
2101
2100
2094
2092
2091
2088
2087
2085
2084
2077
2076
2075
2073
2072
2071
2070
2069
2068
2064
2063
2061
2060
2059
2057
2055
2050
2049
2047
2046
2045
2043
2041
2040
2039
2038
2037
2034
2033
2032
2031
2030
2026
2023
2019
2017
2016
2014
2012
2011
2009
2005
2003
2002
2000
1997
1996
1994
1993
1988
1986
1985
1984
1981
1977
1976
1975
1974
1973
1972
1969
1968
1967
1962
1961
1960
1959
1956
1951
1949
1947
1946
1944
1943
1942
1941
1937
1934
1933
1932
1931
1929
1928
1924
1923
1921
1918
1916
1914
1911
1910
1908
1906
1904
1903
1900
1898
1895
1893
1891
1889
1887
1886
1883
1882
1880
1879
1878
1876
1874
1872
1871
1869
1868
1867
1861
1860
1859
1857
1856
1855
1852
1851
1847
1845
1844
1843
1840
1838
1836
1835
1830
1829
1827
1825
1822
1820
1819
1817
1815
1814
1813
1812
1801
1800
1799
1797
1794
1790
1789
1787
1786
1782
1779
1778
1776
1775
1772
1768
1767
1766
1764
1762
1761
1758
1756
1755
1754
1752
1750
1744
1742
1741
1738
1734
1732
1731
1724
1722
1721
1718
1717
1715
1713
1711
1709
1708
1704
1703
1701
1699
1698
1697
1691
1690
1689
1683
1681
1679
1678
1677
1675
1669
1665
1664
1663
1662
1660
1659
1657
1654
1652
1647
1646
1644
1643
1641
1638
1637
1636
1632
1631
1629
1628
1625
1624
1623
1614
1611
1610
1608
1606
1605
1604
1599
1594
1593
1591
1589
1588
1587
1584
1583
1581
1580
1579
1577
1574
1573
1572
1571
1570
1569
1568
1566
1565
1563
1562
1561
1560
1559
1557
1556
1554
1553
1550
1548
1547
1544
1543
1541
1538
1537
1534
1533
1532
1528
1527
1526
1525
1524
1523
1522
1521
1519
1517
1514
1511
1510
1509
1506
1505
1503
1502
1501
1499
1494
1493
1491
1488
1486
1483
1480
1477
1473
1472
1471
1469
1467
1463
1456
1454
1450
1447
1445
1444
1442
1431
1430
1429
1427
1426
1422
1420
1415
1414
1413
1412
1411
1407
1406
1405
1402
1398
1396
1393
1391
1390
1388
1387
1386
1384
1381
1379
1376
1375
1374
1372
1369
1364
1360
1357
1356
1352
1351
1349
1345
1341
1340
1339
1338
1337
1335
1334
1333
1332
1330
1327
1326
1322
1321
1318
1317
1316
1315
1312
1311
1309
1305
1304
1303
1302
1298
1297
1296
1294
1293
1292
1290
1286
1285
1284
1282
1280
1279
1278
1277
1276
1272
1269
1268
1264
1260
1259
1258
1254
1251
1249
1247
1246
1245
1244
1240
1239
1238
1236
1235
1232
1231
1229
1227
1226
1223
1219
1217
1213
1212
1211
1210
1209
1206
1205
1204
1203
1202
1201
1200
1199
1198
1197
1194
1191
1190
1189
1187
1186
1185
1184
1181
1179
1178
1177
1174
1170
1169
1167
1164
1163
1162
1160
1157
1153
1151
1149
1146
1145
1144
1143
1142
1140
1138
1135
1133
1130
1128
1126
1125
1124
1122
1121
1119
1118
1110
1107
1106
1105
1102
1100
1096
1094
1092
1090
1088
1085
1084
1081
1080
1079
1078
1077
1074
1069
1068
1063
1062
1058
1056
1055
1054
1051
1048
1047
1046
1044
1042
1041
1037
1034
1033
1028
1025
1024
1022
1021
1017
1015
1013
1011
1006
1003
1000
999
997
996
994
992
989
988
986
984
983
979
978
977
976
975
973
972
971
970
969
968
967
966
964
963
961
960
959
957
955
953
950
948
947
946
945
943
942
939
938
937
935
934
932
929
928
927
925
924
922
920
919
917
915
913
912
910
908
905
904
903
898
897
896
891
890
888
886
883
882
881
880
878
877
875
872
871
870
867
864
863
862
861
860
859
858
857
855
854
852
850
848
846
844
842
841
838
837
836
834
832
831
830
829
828
827
826
825
824
823
821
820
818
817
814
811
807
803
801
800
797
796
794
791
789
787
781
778
777
776
773
768
767
765
764
759
757
756
753
751
750
749
746
745
742
741
738
737
735
734
733
732
731
730
726
724
721
719
717
716
714
713
710
709
706
703
700
699
698
697
695
693
692
689
687
686
685
684
682
678
677
674
673
670
666
665
663
662
661
660
659
658
656
652
651
650
648
647
646
645
644
640
639
638
635
634
633
631
630
628
626
625
624
623
622
619
617
614
613
608
607
604
602
601
600
599
598
595
594
592
591
588
587
586
582
580
579
577
575
573
572
571
568
566
561
556
554
552
551
549
546
542
540
539
537
536
533
532
528
525
524
523
521
520
518
516
515
514
511
509
508
507
506
504
500
498
491
490
488
486
484
483
481
474
472
471
469
466
463
460
458
457
453
451
446
443
440
438
436
433
427
426
425
424
422
419
418
417
416
414
413
409
407
405
404
402
401
397
395
390
387
386
385
384
383
379
376
374
372
370
369
365
360
359
352
349
347
346
344
343
342
340
333
332
331
330
329
327
325
322
321
316
314
313
311
310
309
306
304
301
300
299
298
295
290
288
285
282
281
278
277
275
273
272
270
268
266
264
262
261
260
259
252
251
249
248
246
245
244
242
241
240
237
236
234
233
231
225
223
220
219
217
216
215
214
213
212
208
207
204
203
202
196
194
190
189
188
183
181
180
177
176
173
171
170
169
168
167
166
164
162
160
159
157
155
154
153
152
150
148
146
145
144
143
142
141
139
134
133
128
125
123
121
119
115
114
112
111
110
105
104
103
102
100
99
97
96
95
94
92
91
90
89
86
84
83
82
81
80
76
75
71
69
68
66
65
64
63
62
61
60
54
53
52
51
48
47
46
45
44
43
40
39
38
37
36
35
34
31
30
28
25
23
22
21
18
16
15
14
12
11
10
8
6
3
1
0
